10 15
10.4984 15.0399
10.9968 15.0797
11.4952 15.1196
11.9936 15.1595
12.492 15.1994
12.9904 15.2392
13.4889 15.2791
13.9873 15.319
14.4857 15.3589
14.9841 15.3987
15.4825 15.4386
15.9809 15.4785
16.4793 15.5183
16.9777 15.5582
17.4761 15.5981
17.9745 15.638
18.4729 15.6778
18.9713 15.7177
19.4697 15.7576
19.9682 15.7975
20.4666 15.8373
20.965 15.8772
21.4634 15.9171
21.9618 15.9569
22.4602 15.9968
22.9586 16.0367
23.457 16.0766
23.9554 16.1164
24.336 15.7922
24.8329 15.8485
25.3297 15.9047
25.8265 15.961
26.2176 15.6495
26.7118 15.7255
27.115 15.4298
27.5308 15.1521
27.9589 14.8938
28.3989 14.6564
28.5662 14.1852
28.7666 13.7271
28.9991 13.2844
29.2623 12.8593
29.5549 12.4539
29.8753 12.0701
30.222 11.7097
30.593 11.3746
30.6533 10.8782
30.7369 10.3853
30.466 9.965
29.9773 9.85935
29.5684 10.147
29.1765 10.4576
28.6774 10.4286
28.1774 10.4189
27.6775 10.4279
27.3054 10.094
26.9333 9.75998
26.5612 9.42601
26.1891 9.09204
26.1621 8.59277
26.1497 8.09292
25.7972 7.73824
25.2972 7.73665
24.7974 7.74823
24.298 7.77264
23.7993 7.80953
23.3017 7.85859
22.8055 7.91947
22.3107 7.99189
21.903 7.70245
21.4101 7.78609
20.919 7.88032
20.4994 7.60851
20.0104 7.71307
19.5237 7.82741
19.0393 7.95129
18.6043 7.7047
18.1224 7.83789
17.6829 7.59935
17.2435 7.3608
16.7641 7.50285
16.2872 7.65311
15.8399 7.42969
15.3926 7.20626
14.9453 6.98284
14.498 6.75941
14.0507 6.53599
13.6034 6.31256
13.1561 6.08914
12.7088 5.86571
12.2615 5.64229
11.8142 5.41886
11.3669 5.19544
10.9196 4.97201
10.4723 4.74859
10.025 4.52516
9.57766 4.30174
9.41936 3.82746
8.97483 3.59855
8.82236 3.12237
8.3806 2.88818
8.23383 2.4102
8.09261 1.93056
7.9569 1.44933
7.52345 1.20008
7.3932 0.717347
7.64721 0.286676
7.52986 -0.199358
7.41782 -0.686643
7.68772 -1.10754
7.58841 -1.59758
7.49433 -2.08865
7.40545 -2.58069
7.6948 -2.98846
7.61835 -3.48258
7.91785 -3.88296
8.22317 -4.27891
8.16634 -4.77567
8.11459 -5.27298
8.43357 -5.65802
8.39399 -6.15645
8.72225 -6.53361
9.05582 -6.90607
9.5554 -6.9265
9.89792 -7.29075
10.3979 -7.29896
10.7492 -7.6547
11.2492 -7.65057
11.7491 -7.64128
12.2489 -7.62677
12.6162 -7.96606
13.1154 -7.93883
13.6144 -7.90629
13.9937 -8.23201
14.4916 -8.18651
14.989 -8.13558
15.4858 -8.07919
15.982 -8.01727
16.4774 -7.94978
16.972 -7.87665
17.3769 -8.17005
17.7865 -8.45683
18.2774 -8.36199
18.7672 -8.26144
19.1878 -8.53174
19.6129 -8.795
20.0423 -9.05115
20.525 -8.92058
21.006 -8.78428
21.4455 -9.02278
21.9224 -8.87254
22.3974 -8.7165
22.8464 -8.93653
23.3166 -8.7664
23.7719 -8.97288
24.2368 -8.78865
24.6982 -8.98123
25.1572 -8.78289
25.6243 -8.96121
26.0769 -8.74877
26.5493 -8.91249
27.0247 -9.06752
27.4662 -8.83287
27.9462 -8.97285
28.4287 -9.1039
28.9136 -9.22596
29.4007 -9.33899
29.8897 -9.44296
30.3807 -9.53784
30.8732 -9.62358
31.3673 -9.70017
31.8628 -9.76757
32.3594 -9.82578
32.857 -9.87476
33.3554 -9.9145
33.8545 -9.945
34.1927 -10.3133
34.1779 -10.813
34.5209 -11.1769
34.8684 -11.5364
34.866 -12.0364
34.5109 -12.3883
34.1515 -12.7359
33.788 -13.0793
33.7678 -13.5788
33.4003 -13.9179
33.029 -14.2527
32.6539 -14.5833
32.2751 -14.9097
31.8928 -15.2319
31.3951 -15.1839
30.8982 -15.1282
30.4022 -15.0649
29.9073 -14.9939
29.4135 -14.9153
29.0043 -15.2026
28.5127 -15.1111
28.0226 -15.0121
27.5341 -14.9056
27.1093 -15.1693
26.6237 -15.0502
26.1399 -14.9238
25.7047 -15.1699
25.2243 -15.0311
24.783 -15.2661
24.3063 -15.1151
23.8319 -14.9572
23.3815 -15.1743
22.9112 -15.0045
22.4556 -15.2103
21.9897 -15.0288
21.529 -15.2233
21.0677 -15.0305
20.6025 -15.2137
20.146 -15.0097
19.6925 -14.7992
19.2206 -14.9644
18.747 -15.1249
18.2719 -15.2808
17.7954 -15.432
17.3174 -15.5787
16.838 -15.7208
16.3573 -15.8583
15.8753 -15.9913
15.3921 -16.1199
14.9077 -16.244
14.4223 -16.3637
13.9358 -16.479
13.4482 -16.59
12.9597 -16.6967
12.5413 -16.423
12.1263 -16.1441
11.7148 -15.8601
11.3068 -15.571
10.8129 -15.649
10.3184 -15.7226
9.82321 -15.7919
9.32747 -15.8571
8.83119 -15.918
8.33442 -15.9747
7.83719 -16.0273
7.45102 -15.7097
6.89293 -15.707
6.51372 -15.3811
6.01474 -15.413
5.51552 -15.4409
5.01609 -15.4647
4.51648 -15.4846
4.01673 -15.5005
3.51687 -15.5124
3.15768 -15.1646
2.80235 -14.8128
2.45093 -14.4571
2.10346 -14.0976
2.11751 -13.5978
2.13549 -13.0981
2.50423 -12.7604
2.87296 -12.4227
2.89491 -11.9232
3.26639 -11.5886
3.63787 -11.2539
3.6639 -10.7546
3.69415 -10.2555
3.72865 -9.75668
3.76744 -9.25819
4.15015 -8.93643
4.53287 -8.61467
4.91558 -8.2929
5.29829 -7.97114
5.3414 -7.47301
5.38908 -6.97529
4.92618 -6.56721
4.59836 -6.11918
4.35045 -5.68497
4.10973 -5.24673
4.2494 -4.76663
4.01625 -4.32432
4.16414 -3.84669
3.93895 -3.40028
4.09539 -2.92538
4.25182 -2.45048
4.40825 -1.97558
4.56468 -1.50068
4.34862 -1.04977
4.51469 -0.578153
4.30833 -0.122723
4.11199 0.337114
4.29831 0.801102
4.48462 1.26509
4.29932 1.72949
4.12544 2.19828
3.96339 2.67129
3.81357 3.14831
3.67642 3.62914
3.55238 4.11351
3.44615 4.6403
3.03486 4.92463
2.63552 5.2255
2.24881 5.54245
1.87538 5.87494
1.51587 6.22243
1.17089 6.58436
0.841038 6.96012
0.887964 7.45791
0.949749 7.95408
1.0268 8.44811
1.11953 8.93943
0.85719 9.36508
0.988622 9.8475
1.13641 10.3252
1.30096 10.7973
1.10704 11.2582
0.937269 11.7285
1.16624 12.173
1.41198 12.6084
1.6748 13.0338
1.95498 13.4479
2.25276 13.8495
2.21104 14.3478
2.20128 14.8477
2.22358 15.3472
2.27792 15.8442
2.36414 16.3367
2.78604 16.6051
3.22029 16.8529
3.66647 17.0786
4.12398 17.2803
4.59209 17.456
5.06982 17.6035
5.55596 17.7205
6.0489 17.8042
6.54664 17.8517
7.04658 17.8597
7.54535 17.8248
8.03859 17.7428
8.48393 17.9702
8.94054 17.7664
9.43096 17.8639
9.93081 17.8759
10.4251 17.8009
10.8985 17.6398
11.3353 17.3964
11.8298 17.47
12.3295 17.4863
12.8283 17.4506
13.3214 17.368
13.8055 17.2429
14.2362 17.4968
14.7101 17.3372
15.158 17.5595
15.6212 17.3711
16.0819 17.5655
16.5343 17.3526
17.0047 17.5219
17.4465 17.2878
17.9245 17.4347
18.4024 17.5815
18.8344 17.3298
19.3179 17.4573
19.8014 17.5848
20.2243 17.3182
20.712 17.4287
21.1996 17.5393
21.6142 17.2598
22.105 17.3553
22.5958 17.4508
23.0865 17.5463
23.4936 17.2558
23.9867 17.3383
24.4799 17.4207
24.8798 17.1206
25.3748 17.1911
25.8698 17.2617
26.3648 17.3322
26.7582 17.0236
27.145 16.7068
27.6425 16.7564
28.1401 16.8059
28.5207 16.4817
29.0191 16.5215
29.5175 16.5614
30.0159 16.6013
30.5143 16.6411
31.0127 16.681
31.5111 16.7209
32.0096 16.7608
32.508 16.8006
33.0064 16.8405
33.5048 16.8804
34.0032 16.9203
34.5016 16.9601
