10 15
10.4984 15.0399
10.9968 15.0797
11.4952 15.1196
11.9936 15.1595
12.492 15.1994
12.9904 15.2392
13.4889 15.2791
13.9873 15.319
14.4857 15.3589
14.9841 15.3987
15.4825 15.4386
15.9809 15.4785
16.4793 15.5183
16.9777 15.5582
17.4761 15.5981
17.9745 15.638
18.4729 15.6778
18.9713 15.7177
19.4697 15.7576
19.9682 15.7975
20.4666 15.8373
20.965 15.8772
21.4634 15.9171
21.9618 15.9569
22.4602 15.9968
22.9586 16.0367
23.457 16.0766
23.9554 16.1164
24.336 15.7922
24.8329 15.8485
25.3297 15.9047
25.8265 15.961
26.2176 15.6495
26.7118 15.7255
27.115 15.4298
27.5308 15.1521
28.0161 15.2722
27.9589 14.8938
28.4443 15.0139
28.3989 14.6564
28.8851 14.778
28.5662 14.1852
29.3382 14.5665
29.0318 14.003
29.8026 14.3813
29.4787 14.2274
29.5065 13.8457
30.0276 13.9347
29.7554 13.4121
30.29 13.5091
30.0377 12.9994
28.7666 13.7271
30.5349 12.9461
29.244 13.5785
28.9991 13.2844
29.4995 13.1487
29.2623 12.8593
29.7863 12.7391
29.5549 12.4539
30.2838 12.689
30.1027 12.3519
29.8753 12.0701
30.7833 12.6666
30.6025 12.3389
30.3752 12.0604
30.222 11.7097
30.7402 11.7186
30.593 11.3746
30.6533 10.8782
30.2847 10.981
30.7369 10.3853
29.7883 10.9207
30.466 9.965
29.4087 11.2461
29.2898 10.8824
29.9773 9.85935
29.4016 11.7461
28.9243 11.2236
28.7901 10.8652
29.5684 10.147
29.0594 12.1107
28.9369 11.7234
28.5798 11.5859
28.4387 11.2209
29.1765 10.4576
28.7417 12.4967
28.6087 12.1006
28.2574 11.9682
28.1082 11.5961
28.6774 10.4286
28.4496 12.9026
28.3045 12.4974
27.9584 12.3689
27.7997 11.9896
28.317 10.7752
28.1774 10.4189
28.5619 13.3898
28.0254 12.9123
27.6836 12.7866
28.1845 13.3265
27.9763 11.1411
27.8303 10.7788
28.3173 13.8259
27.7726 13.3437
27.6775 10.4279
27.9472 13.7666
27.656 11.5251
28.1028 14.2776
27.5469 13.7899
27.3054 10.094
27.7389 14.2211
29.4847 9.77358
27.3491 14.2491
27.2785 9.59469
27.5601 14.6881
29.0873 10.0769
28.9892 9.70702
27.1799 14.7196
27.6245 9.23382
27.268 9.0948
28.5888 10.0377
28.4915 9.65906
26.7416 14.96
28.1244 9.24672
27.9871 8.88951
27.6255 8.74518
28.0892 10.0171
27.9924 9.62906
26.3135 15.2185
28.6235 9.27666
28.4858 8.9257
27.9983 8.41207
28.3653 8.56247
27.2735 8.59483
25.8962 15.4938
29.1212 9.32421
28.983 8.97887
28.3859 8.09612
28.8618 8.62186
27.6417 8.25644
27.2946 8.09527
29.6169 9.38992
29.4779 9.04953
28.8805 8.16911
29.3559 8.69811
28.0242 7.9345
27.6727 7.76809
27.3306 7.59657
30.1097 9.47439
29.97 9.13822
29.8471 8.79171
26.6999 14.5796
26.9333 9.75998
30.3604 10.4537
30.5717 9.47629
26.9064 9.26071
26.5612 9.42601
26.8952 8.76084
26.5342 8.92674
26.1891 9.09204
26.8993 8.26085
26.5224 8.42688
26.1621 8.59277
26.9182 7.76121
26.5252 7.92689
26.1497 8.09292
26.589 7.38488
26.1839 7.56149
25.7972 7.73824
25.817 8.75807
25.7956 8.23824
25.4426 8.09066
25.4509 8.60039
25.1016 8.4564
29.8911 11.2893
29.9763 10.5874
24.7271 15.4807
25.2218 15.5538
30.065 10.2045
25.2972 7.73665
25.4448 7.38356
24.9429 8.1082
24.7974 7.74823
24.9448 7.38196
24.6117 8.48279
24.4438 8.1389
24.298 7.77264
24.4449 7.39307
23.9457 8.18238
23.7993 7.80953
23.9455 7.41656
23.4822 8.19607
23.3017 7.85859
23.4468 7.45211
22.8055 7.91947
22.949 7.49941
22.3107 7.99189
22.4525 7.55817
21.903 7.70245
22.0529 7.25754
21.4101 7.78609
21.4953 7.41302
22.3536 6.85801
20.919 7.88032
21.0024 7.49665
21.4117 6.92006
20.4994 7.60851
20.5887 7.2158
21.0876 7.12358
20.0104 7.71307
20.0976 7.30972
20.6799 6.83415
19.5237 7.82741
19.6084 7.41339
20.1869 6.91779
19.0393 7.95129
19.1214 7.52657
19.6957 7.01113
18.6043 7.7047
18.692 7.27039
19.2064 7.11396
18.1224 7.83789
18.1693 7.4581
18.9482 6.841
17.6829 7.59935
18.0361 6.97617
17.7344 7.21151
18.4604 6.95068
17.2435 7.3608
17.6057 6.72181
17.2994 6.96491
16.7641 7.50285
16.8041 7.12226
16.8645 6.71832
16.2872 7.65311
16.3247 7.2643
16.3647 6.88371
15.8399 7.42969
15.8813 7.03317
16.2226 6.40431
15.9252 6.64517
15.3926 7.20626
15.4379 6.80203
15.4858 6.40662
14.9183 7.36457
14.9453 6.98284
14.9946 6.5709
14.4675 7.14827
14.498 6.75941
14.5512 6.33976
14.0168 6.93198
14.0507 6.53599
14.1078 6.10863
13.545 7.09779
13.566 6.71568
13.6034 6.31256
13.0911 6.88826
13.1152 6.49938
13.1561 6.08914
12.6371 6.67873
12.6644 6.28308
12.7088 5.86571
12.1831 6.46921
12.2136 6.06679
12.2615 5.64229
11.7291 6.25968
11.7628 5.85049
11.8142 5.41886
11.2751 6.05015
11.312 5.63419
11.3669 5.19544
10.8212 5.84062
10.8612 5.4179
10.9196 4.97201
10.3672 5.6311
10.4104 5.2016
10.4723 4.74859
9.9132 5.42157
9.9596 4.9853
10.025 4.52516
9.45922 5.21204
9.5088 4.76901
9.57766 4.30174
9.05801 4.55271
9.41936 3.82746
9.13036 4.07831
8.60722 4.33641
8.97483 3.59855
8.68305 3.85489
8.82236 3.12237
8.53031 3.36965
8.20878 4.01319
8.3806 2.88818
8.05412 3.52212
8.08578 3.14074
8.23383 2.4102
7.93884 2.65398
7.64126 2.91184
8.09261 1.93056
7.79207 2.17601
7.48879 2.43565
7.19673 2.68294
7.9569 1.44933
7.65076 1.69639
7.34174 1.95777
7.04426 2.20675
7.52345 1.20008
7.21442 1.45224
6.9025 1.71888
6.60233 1.97289
7.3932 0.717347
7.09 0.950838
6.77809 1.20808
6.46326 1.47999
7.64721 0.286676
7.26828 0.233203
6.95975 0.468101
6.6422 0.726902
6.34175 0.963925
7.52986 -0.199358
7.14866 -0.252276
6.83475 -0.0160224
6.51152 0.244281
6.20586 0.482745
7.41782 -0.686643
7.03428 -0.739017
6.71496 -0.501461
6.38601 -0.239711
6.07511 0.000145555
7.68772 -1.10754
7.31105 -1.17511
6.9251 -1.22695
6.60034 -0.988145
6.26563 -0.725003
5.94944 -0.483805
7.58841 -1.59758
7.20949 -1.66469
6.82108 -1.71601
6.49084 -1.47601
6.15034 -1.21153
5.82883 -0.96904
7.49433 -2.08865
7.11311 -2.15531
6.72218 -2.20613
6.38643 -1.96498
6.0401 -1.69922
5.71323 -1.45549
7.40545 -2.58069
7.02186 -2.64691
6.62835 -2.69725
6.28705 -2.45501
5.93486 -2.18802
5.60261 -1.9431
7.6948 -2.98846
7.30921 -3.0561
6.9135 -3.10797
6.53956 -3.1893
6.19268 -2.94602
5.83459 -2.67787
7.61835 -3.48258
7.23026 -3.54983
6.83183 -3.60126
6.45575 -3.68223
6.10326 -3.43796
5.73925 -3.16869
7.91785 -3.88296
7.54702 -3.97746
7.15637 -4.04434
6.75517 -4.09535
6.3769 -4.17597
6.01877 -3.93077
5.6488 -3.66044
8.22317 -4.27891
7.8506 -4.37476
7.45785 -4.44323
7.08749 -4.53957
6.68347 -4.59018
6.30295 -4.67047
5.93915 -4.42439
5.5632 -4.15306
8.16634 -4.77567
7.79151 -4.87125
7.39607 -4.93939
7.02359 -5.03547
6.61669 -5.0857
6.23386 -5.16568
5.86437 -4.91877
8.11459 -5.27298
7.73746 -5.36832
7.33928 -5.43616
6.9646 -5.53198
6.55477 -5.58185
6.1696 -5.66153
8.43357 -5.65802
8.06788 -5.7708
7.68839 -5.86591
7.28741 -5.93346
6.91051 -6.02905
6.4977 -6.07858
6.11013 -6.15798
8.39399 -6.15645
8.02616 -6.26906
7.64427 -6.36396
7.24044 -6.43125
6.86125 -6.52661
6.44541 -6.57584
8.72225 -6.53361
8.35942 -6.65525
7.9894 -6.7677
7.60504 -6.86242
7.19831 -6.92947
6.81679 -7.02463
9.05582 -6.90607
8.6914 -7.02914
8.32979 -7.15438
7.95753 -7.26669
7.57066 -7.36123
7.16099 -7.42808
9.5554 -6.9265
9.39464 -7.27377
9.0286 -7.39832
8.66543 -7.52498
8.29147 -7.63882
7.93052 -7.76595
7.54109 -7.86036
9.89792 -7.29075
9.73863 -7.63664
9.37094 -7.76274
9.00619 -7.89088
8.63049 -8.00633
8.26803 -8.13486
7.90832 -8.26546
10.3979 -7.29896
10.2456 -7.65006
10.0877 -7.99459
9.71836 -8.12232
9.352 -8.25201
8.97454 -8.36913
8.61053 -8.49912
8.24933 -8.63112
10.7492 -7.6547
10.5984 -8.00436
10.4419 -8.34756
10.0708 -8.47699
9.70279 -8.6083
9.32355 -8.72717
8.95797 -8.85869
8.59525 -8.99215
11.2492 -7.65057
11.1057 -8.00532
10.9563 -8.35358
10.801 -8.69548
10.4282 -8.82668
10.0585 -8.95969
9.67746 -9.08038
9.31027 -9.21349
11.7491 -7.64128
11.6055 -7.99397
11.4672 -8.35075
11.3191 -8.69763
11.165 -9.03827
10.7904 -9.17132
10.4191 -9.3061
10.0362 -9.42868
9.66737 -9.56346
12.2489 -7.62677
12.1053 -7.97745
11.9668 -8.33217
11.8187 -8.67723
11.6645 -9.0162
11.5338 -9.37588
11.1575 -9.51085
10.7844 -9.64747
10.3997 -9.77202
10.0292 -9.90853
12.6162 -7.96606
12.4739 -8.3153
12.3368 -8.66854
12.1898 -9.01228
12.0367 -9.35006
11.9073 -9.70822
11.5292 -9.8452
11.1544 -9.98374
10.7678 -10.1103
13.1154 -7.93883
12.9884 -8.29984
12.8474 -8.64768
12.7116 -8.99947
12.5657 -9.34194
12.4136 -9.67856
12.2856 -10.0352
11.9056 -10.1743
11.5291 -10.3148
13.6144 -7.90629
13.4872 -8.26517
13.3657 -8.62803
13.2258 -8.97451
13.0912 -9.32489
12.9464 -9.66613
12.7952 -10.0016
12.6684 -10.3569
12.2866 -10.4981
13.9937 -8.23201
13.8679 -8.58932
13.7477 -8.95055
13.609 -9.29572
13.4755 -9.64474
13.3317 -9.98479
13.1814 -10.3192
13.0557 -10.6731
12.6721 -10.8165
14.4916 -8.18651
14.378 -8.55192
14.2535 -8.9077
14.1346 -9.26735
13.9968 -9.61124
13.8644 -9.95894
13.7215 -10.2978
13.5721 -10.6312
14.989 -8.13558
14.8751 -8.49884
14.7671 -8.86594
14.6437 -9.22023
14.5261 -9.57835
14.3893 -9.92101
14.2579 -10.2674
14.1159 -10.6052
15.4858 -8.07919
15.3717 -8.44035
15.2634 -8.80529
15.1609 -9.174
15.0387 -9.52685
14.9222 -9.88348
15.982 -8.01727
15.8676 -8.3764
15.759 -8.73925
15.6562 -9.10581
15.5338 -9.45693
15.4382 -9.82749
15.3228 -10.1827
16.4774 -7.94978
16.3628 -8.30694
16.2538 -8.66776
16.1508 -9.03223
16.0281 -9.38169
15.9322 -9.75012
15.8165 -10.1036
16.972 -7.87665
16.8571 -8.2319
16.7479 -8.59077
16.6445 -8.95321
16.5215 -9.30107
16.4253 -9.66744
16.3093 -10.0193
17.3769 -8.17005
17.263 -8.5238
17.155 -8.8811
17.0527 -9.24193
16.9307 -9.58851
16.8356 -9.95321
16.7205 -10.3037
17.7865 -8.45683
17.6736 -8.80913
17.5666 -9.16493
17.4654 -9.52418
17.3442 -9.86954
17.2502 -10.2326
17.136 -10.5819
18.2774 -8.36199
18.2007 -8.7369
18.0888 -9.08782
17.9827 -9.44217
17.8825 -9.79992
17.7621 -10.1441
17.6691 -10.5057
18.7672 -8.26144
18.69 -8.63409
18.6194 -9.0102
18.5083 -9.35979
18.4031 -9.71276
18.3039 -10.0691
18.1841 -10.4122
18.0921 -10.7722
19.1878 -8.53174
19.1118 -8.90249
19.0425 -9.27665
18.9322 -9.62499
18.8278 -9.97663
18.7295 -10.3315
18.6103 -10.6736
19.6746 -8.41731
19.6129 -8.795
19.5381 -9.16392
19.4698 -9.53619
19.3603 -9.88333
19.2567 -10.2337
19.1591 -10.5873
20.1028 -8.67549
20.0423 -9.05115
19.9685 -9.4183
19.9014 -9.78874
19.7925 -10.1348
19.6896 -10.484
15.7278 -10.4759
20.586 -8.54712
20.525 -8.92058
20.4759 -9.30011
20.4031 -9.66557
20.3369 -10.0342
20.2286 -10.3792
20.1264 -10.7273
16.2203 -10.3894
21.0676 -8.41293
21.006 -8.78428
20.9563 -9.16153
20.883 -9.52521
20.8163 -9.89202
20.7765 -10.2726
20.6687 -10.6166
16.6326 -10.6722
16.1371 -10.763
21.4455 -9.02278
21.3969 -9.39802
21.3244 -9.76012
21.2585 -10.1253
21.2198 -10.5038
14.6112 -10.5366
21.9224 -8.87254
21.8731 -9.24569
21.8413 -9.62705
21.7696 -9.98765
21.7046 -10.3512
15.1057 -10.4628
22.3974 -8.7165
22.3475 -9.08763
22.3149 -9.46672
22.2896 -9.84857
22.2185 -10.2077
15.5106 -10.7562
22.8464 -8.93653
22.7974 -9.30582
22.7658 -9.68283
22.7415 -10.0625
22.6711 -10.4203
23.3166 -8.7664
23.2992 -9.14869
23.2509 -9.51623
23.2203 -9.89122
23.197 -10.2688
23.7719 -8.97288
23.7555 -9.35291
23.7081 -9.71878
23.6783 -10.0918
23.6558 -10.4674
24.2368 -8.78865
24.2309 -9.17129
24.2154 -9.54914
24.1686 -9.91342
24.1396 -10.2846
24.6982 -8.98123
24.6933 -9.36155
24.6787 -9.73731
24.6325 -10.1001
24.6042 -10.4695
25.1572 -8.78289
25.163 -9.16552
25.1589 -9.54362
25.1451 -9.91737
25.0995 -10.2788
25.6243 -8.96121
25.631 -9.34148
25.6278 -9.71743
25.6146 -10.0893
25.5695 -10.4493
26.0769 -8.74877
26.0945 -9.13105
26.1021 -9.50903
26.0996 -9.88294
26.0871 -10.253
26.5493 -8.91249
26.5678 -9.29234
26.5761 -9.66814
26.5742 -10.0401
14.7534 -10.2001
26.9951 -8.68598
27.0247 -9.06752
27.0439 -9.44503
27.0529 -9.81874
27.0516 -10.1888
27.4378 -8.45363
27.4662 -8.83287
27.5028 -9.2138
27.5227 -9.58908
27.5323 -9.9608
27.9171 -8.59603
27.9462 -8.97285
27.9835 -9.35128
28.0041 -9.72443
28.0141 -10.0943
28.399 -8.72938
28.4287 -9.1039
28.4667 -9.47994
28.4878 -9.85106
28.8293 -8.47477
28.8833 -8.85363
28.9136 -9.22596
28.9522 -9.59971
28.9737 -9.96891
29.3153 -8.59248
29.3699 -8.96874
29.4007 -9.33899
29.4397 -9.71056
29.8034 -8.7009
29.8585 -9.07468
29.8897 -9.44296
29.9292 -9.81246
30.22 -8.42443
30.2935 -8.79999
30.3491 -9.17141
30.3807 -9.53784
30.4205 -9.90537
30.7114 -8.51681
30.7853 -8.88972
30.8414 -9.2589
30.8732 -9.62358
30.9134 -9.98927
31.2045 -8.59969
31.2788 -8.97006
31.3352 -9.33711
31.3673 -9.70017
31.6991 -8.67302
31.7738 -9.04098
31.8304 -9.40602
31.8628 -9.76757
32.195 -8.73678
32.27 -9.10246
32.3269 -9.46561
32.3594 -9.82578
32.692 -8.79095
32.7673 -9.15447
32.8244 -9.51585
32.857 -9.87476
33.2655 -9.19699
33.3227 -9.55674
33.3554 -9.9145
33.7299 -9.58317
33.8545 -9.945
34.1927 -10.3133
34.1779 -10.813
34.5209 -11.1769
33.8141 -11.156
34.8684 -11.5364
34.1631 -11.3128
34.866 -12.0364
34.5061 -11.6767
34.5109 -12.3883
35.218 -12.3916
34.0109 -12.38
34.8585 -12.7477
35.2217 -12.8916
34.1515 -12.7359
34.8561 -13.2477
35.2254 -13.3915
33.788 -13.0793
34.3561 -13.2453
34.8745 -13.7477
33.7678 -13.5788
35.2291 -13.8915
34.3745 -13.7457
33.4003 -13.9179
34.8782 -14.2477
35.2328 -14.3915
34.0138 -14.0919
33.029 -14.2527
34.3782 -14.2457
34.8819 -14.7477
33.6492 -14.4341
32.6539 -14.5833
34.0177 -14.5922
34.3819 -14.7458
34.527 -15.0999
33.2808 -14.7722
32.2751 -14.9097
33.6533 -14.9346
34.0215 -15.0924
34.1683 -15.4482
32.9087 -15.1061
31.8928 -15.2319
33.2851 -15.2729
33.6573 -15.435
33.8058 -15.7926
32.5329 -15.4359
31.3951 -15.1839
32.9133 -15.6072
33.2895 -15.7737
33.4396 -16.1331
32.1535 -15.7616
30.8982 -15.1282
32.5379 -15.9375
32.918 -16.1083
33.0698 -16.4696
31.6554 -15.7184
30.4022 -15.0649
32.159 -16.2637
32.5429 -16.439
32.6965 -16.8022
31.158 -15.6675
29.9073 -14.9939
31.6608 -16.2211
32.1644 -16.7657
31.7766 -16.5859
30.6614 -15.6091
29.4135 -14.9153
31.1633 -16.1711
31.2789 -16.5381
31.3909 -16.904
30.1658 -15.5432
29.0043 -15.2026
30.6666 -16.1137
30.782 -16.483
30.8937 -16.8511
29.6712 -15.4697
28.5127 -15.1111
30.1709 -16.0488
30.2859 -16.4205
30.3974 -16.7909
29.2651 -15.7613
28.0226 -15.0121
29.6761 -15.9765
29.7908 -16.3507
29.902 -16.7234
28.7725 -15.6751
27.5341 -14.9056
29.2707 -16.2692
29.3869 -16.6454
29.4995 -17.0202
28.2814 -15.5815
27.1093 -15.1693
28.778 -16.1844
28.8623 -16.5576
28.98 -16.936
27.7917 -15.4805
26.6237 -15.0502
26.6817 -15.4285
28.2865 -16.0922
28.3705 -16.4677
28.4877 -16.8486
27.3699 -15.7491
26.1399 -14.9238
26.1974 -15.3042
26.2514 -15.6831
27.7965 -15.9928
27.88 -16.3705
27.9967 -16.7542
26.9454 -16.0132
25.7047 -15.1699
25.7633 -15.5524
25.8184 -15.9332
27.3757 -16.2628
27.4604 -16.6425
27.5787 -17.0285
26.5181 -16.2729
25.2243 -15.0311
25.2823 -15.4159
25.3368 -15.7989
25.3829 -16.1788
26.9521 -16.5284
27.0381 -16.9102
27.1579 -17.2986
26.0882 -16.5281
24.783 -15.2661
24.8421 -15.6531
24.8977 -16.0382
24.9449 -16.42
26.5258 -16.7897
26.6131 -17.1736
26.7345 -17.5645
25.6557 -16.779
24.3063 -15.1151
24.3647 -15.5045
24.4196 -15.8919
24.4661 -16.2759
24.5045 -16.6567
26.0968 -17.0466
25.2206 -17.0255
23.8319 -14.9572
23.8895 -15.3491
23.9436 -15.7388
23.9894 -16.125
24.0271 -16.5078
24.7367 -17.0994
25.6653 -17.2992
24.0617 -16.8889
23.3815 -15.1743
23.4402 -15.5686
23.4955 -15.9607
23.5424 -16.349
23.5811 -16.7338
23.6166 -17.1168
22.9112 -15.0045
22.9289 -15.3867
22.9888 -15.7835
23.0452 -16.178
23.0931 -16.5685
23.1329 -16.9553
22.4556 -15.2103
22.4741 -15.5946
22.5352 -15.9939
22.5927 -16.3907
22.6417 -16.7835
22.6825 -17.1724
21.9897 -15.0288
21.9978 -15.4114
22.0173 -15.7978
22.0795 -16.1996
22.1382 -16.599
22.1882 -16.9941
21.529 -15.2233
21.538 -15.6079
21.5584 -15.9964
21.6218 -16.4009
21.6816 -16.8028
28.5701 -17.2223
21.0677 -15.0305
21.0759 -15.4171
21.0763 -15.7998
21.0976 -16.1904
21.1621 -16.5976
21.223 -17.0021
28.0787 -17.13
20.6025 -15.2137
20.6115 -15.6024
20.6127 -15.9871
20.6349 -16.3799
20.7006 -16.7899
28.1574 -17.5045
27.662 -17.4062
20.146 -15.0097
20.1541 -15.4006
20.1544 -15.7872
20.1473 -16.1698
20.1704 -16.5649
20.2372 -16.9777
19.6925 -14.7992
19.6995 -15.1923
19.6989 -15.581
19.691 -15.9655
19.6801 -16.348
19.7041 -16.7454
19.2206 -14.9644
19.2284 -15.3598
19.2286 -15.7507
19.2214 -16.1372
19.2113 -16.5217
19.2361 -16.9215
18.7722 -14.7431
18.747 -15.1249
18.7557 -15.5228
18.7567 -15.9159
18.7502 -16.3045
18.7408 -16.6909
18.2965 -14.8969
18.2719 -15.2808
18.2814 -15.6811
18.2832 -16.0764
18.2774 -16.4672
17.8535 -14.665
17.8192 -15.0461
17.7954 -15.432
17.8056 -15.8348
17.8082 -16.2325
17.8031 -16.6254
17.3743 -14.8075
17.3406 -15.1907
17.3174 -15.5787
17.3284 -15.984
17.3317 -16.3841
17.3273 -16.7792
16.8937 -14.9454
16.8606 -15.3306
16.838 -15.7208
16.8498 -16.1287
16.8538 -16.5312
16.4587 -14.6989
16.4117 -15.0787
16.3792 -15.4659
16.3573 -15.8583
16.3699 -16.2689
16.3746 -16.6739
15.975 -14.8255
15.9286 -15.2073
15.8967 -15.5967
15.8753 -15.9913
15.8886 -16.4046
15.4901 -14.9476
15.4442 -15.3314
15.4129 -15.723
15.3921 -16.1199
15.4062 -16.5359
15.0634 -14.687
15.0041 -15.0651
14.9587 -15.4509
14.9279 -15.8448
14.9077 -16.244
14.9226 -16.6628
14.5759 -14.798
14.517 -15.178
14.4721 -15.566
14.4419 -15.9621
14.4223 -16.3637
14.4378 -16.7854
14.0873 -14.9044
14.0289 -15.2864
13.9845 -15.6765
13.9548 -16.075
13.9358 -16.479
13.6691 -14.6303
13.5978 -15.0063
13.5398 -15.3903
13.4959 -15.7826
13.4667 -16.1835
13.4482 -16.59
13.1783 -14.7257
13.1074 -15.1036
13.0274 -16.32
12.9597 -16.6967
12.7664 -14.4424
12.6943 -14.8219
12.9269 -15.8302
12.5413 -16.423
12.2736 -14.5269
12.2018 -14.9085
12.8307 -15.3395
12.445 -15.9323
11.78 -14.607
11.7086 -14.9906
12.1263 -16.1441
12.3531 -15.4408
11.2858 -14.6826
11.2147 -15.0684
12.0361 -15.6523
11.7148 -15.8601
10.8855 -14.383
10.8131 -14.7705
10.7201 -15.1417
11.6271 -15.3647
11.3068 -15.571
10.3897 -14.4479
10.3177 -14.8376
10.2249 -15.2107
10.8129 -15.649
11.0127 -15.9754
9.89341 -14.5084
9.82161 -14.9004
9.72911 -15.2754
10.3184 -15.7226
11.0906 -16.4692
9.39657 -14.5646
9.32504 -14.9589
9.23277 -15.3358
9.82321 -15.7919
11.4975 -16.7599
8.89927 -14.6165
8.82799 -15.0131
8.73594 -15.392
9.32747 -15.8571
11.9896 -16.6717
8.40154 -14.664
8.33049 -15.0631
8.23864 -15.4439
8.83119 -15.918
10.5188 -16.0533
7.90342 -14.7073
7.83258 -15.1088
7.74093 -15.4917
8.33442 -15.9747
10.0243 -16.127
7.52331 -14.3825
7.45088 -14.7858
7.35788 -15.1704
7.83719 -16.0273
9.5291 -16.1964
7.02441 -14.4156
6.95215 -14.8214
6.85931 -15.2081
7.45102 -15.7097
9.03338 -16.2617
7.33955 -16.0758
6.45314 -14.8529
6.89293 -15.707
10.7186 -16.3797
8.53713 -16.3228
7.72311 -16.3966
5.95389 -14.8802
6.51372 -15.3811
10.2247 -16.4576
8.22619 -16.7144
7.22563 -16.4467
5.45443 -14.9035
6.01474 -15.413
9.73013 -16.5314
8.72293 -16.6574
6.84097 -16.1273
4.9548 -14.9226
5.51552 -15.4409
9.23499 -16.6009
6.72776 -16.4929
6.46 -15.8035
4.45502 -14.9378
5.01609 -15.4647
10.4244 -16.784
6.34569 -16.1704
5.96121 -15.8382
4.09368 -14.5922
4.51648 -15.4846
3.95515 -14.9489
5.84702 -16.2068
5.46215 -15.8688
3.73627 -14.2425
4.01673 -15.5005
3.59656 -14.6005
5.34807 -16.2392
4.96286 -15.8954
3.73644 -13.7425
3.65483 -15.1555
3.51687 -15.5124
3.2419 -14.248
4.84888 -16.2677
4.46337 -15.9181
4.09295 -13.392
3.2968 -14.8064
3.15768 -15.1646
3.24595 -13.748
4.34949 -16.2922
3.96372 -15.9369
4.44946 -13.0414
2.94267 -14.4535
2.80235 -14.8128
3.60515 -13.4002
3.84991 -16.3129
3.46395 -15.9517
4.80597 -12.6908
2.94742 -13.9535
2.45093 -14.4571
3.96434 -13.0524
3.35019 -16.3296
3.10272 -15.606
5.16248 -12.3402
2.95614 -13.4536
2.45946 -13.9572
2.10346 -14.0976
4.32354 -12.7046
2.98762 -15.9853
2.7453 -15.2564
5.51899 -11.9897
3.31858 -13.1091
2.47192 -13.4574
2.11751 -13.5978
4.68274 -12.3568
2.62881 -15.6371
2.39174 -14.9028
5.87551 -11.6391
3.68101 -12.7647
2.8369 -13.1156
2.13549 -13.0981
4.69079 -11.8568
2.27382 -15.285
2.04207 -14.5454
6.23202 -11.2885
4.04344 -12.4202
3.20188 -12.7739
2.50423 -12.7604
5.05291 -11.5121
4.70306 -11.357
1.92267 -14.9291
1.69634 -14.1842
6.58853 -10.938
4.40587 -12.0758
3.21831 -12.2741
2.87296 -12.4227
5.41503 -11.1673
5.0681 -11.0153
1.57542 -14.5693
1.71277 -13.6845
6.94504 -10.5874
4.41859 -11.5759
3.58608 -11.9354
2.89491 -11.9232
5.77716 -10.8225
5.43315 -10.6736
1.2321 -14.2058
1.73309 -13.1849
7.30155 -10.2368
4.43553 -11.0762
3.95384 -11.5967
3.26639 -11.5886
6.13928 -10.4777
5.7982 -10.332
1.2518 -13.7062
1.75735 -12.6855
7.65806 -9.88625
4.80376 -10.738
4.45673 -10.5767
3.97436 -11.0971
3.63787 -11.2539
6.5014 -10.133
6.16325 -9.99029
1.27537 -13.2068
2.1303 -12.3525
1.78557 -12.1863
5.17198 -10.3997
4.82785 -10.2416
3.99909 -10.5977
3.6639 -10.7546
6.86353 -9.78821
6.52829 -9.64862
1.30284 -12.7075
2.50324 -12.0194
2.16116 -11.8562
5.5402 -10.0615
5.19896 -9.90653
4.02808 -10.0985
3.69415 -10.2555
7.22565 -9.44344
6.89334 -9.30694
1.33424 -12.2085
2.53146 -11.5202
2.19337 -11.3573
5.90843 -9.72324
5.57008 -9.57146
4.40438 -9.76929
3.72865 -9.75668
4.06136 -9.59964
1.81778 -11.6873
1.3696 -11.7098
2.90711 -11.1902
2.57165 -11.0303
6.27665 -9.38499
5.9412 -9.23639
4.78068 -9.44005
3.76744 -9.25819
4.4405 -9.27367
1.85401 -11.1886
1.40894 -11.2113
3.28277 -10.8603
2.94992 -10.7033
6.64488 -9.04674
6.31231 -8.90132
5.15698 -9.11081
4.15015 -8.93643
4.81964 -8.9477
2.2349 -10.8647
1.89429 -10.6903
1.4523 -10.7132
3.31507 -10.3613
2.9862 -10.2047
6.3378 -8.40197
5.53328 -8.78157
4.53287 -8.61467
5.19878 -8.62174
2.61578 -10.5408
2.27782 -10.3695
1.93865 -10.1922
1.4997 -10.2155
3.35158 -9.86265
3.02667 -9.7063
5.90958 -8.45233
4.91558 -8.2929
5.57792 -8.29577
2.65606 -10.0424
2.32218 -9.87145
1.98713 -9.6946
1.55119 -9.71811
3.39234 -9.36432
3.07137 -9.20831
3.81054 -8.76005
5.29829 -7.97114
5.61552 -7.79719
2.70052 -9.54441
2.3707 -9.37381
2.03974 -9.19737
1.60677 -9.22121
3.43738 -8.86635
2.75413 -8.82183
4.19605 -8.44164
5.3414 -7.47301
3.85799 -8.2623
0.892746 -13.8386
2.09653 -8.70061
1.6665 -8.72479
3.48673 -8.36879
3.14442 -8.5093
4.58156 -8.12324
5.38908 -6.97529
4.24629 -7.94731
3.90983 -7.765
0.917879 -13.3393
2.49058 -8.39282
1.73038 -8.22889
3.54043 -7.87168
3.1994 -8.01233
4.96707 -7.80484
5.07444 -6.58669
