13 -5
12.5385 -4.80769
12.3481 -4.34535
12.5269 -3.87842
12.6863 -3.40452
12.4458 -2.96619
12.5712 -2.48218
12.6761 -1.9933
12.3871 -1.58529
12.456 -1.09007
12.5034 -0.592317
12.5291 -0.0929792
12.5331 0.407005
12.1673 0.747869
12.5155 0.906694
11.6684 0.714459
12.1353 1.2314
12.4762 1.40515
11.6383 1.17645
11.745 1.54395
12.0823 1.71312
12.4155 1.90144
11.3448 1.84363
11.6789 2.00851
12.0086 2.1921
12.3333 2.39465
11.5865 2.49989
11.911 2.68248
12.23 2.88385
11.4716 2.98651
11.7916 3.16802
12.1056 3.36814
11.0346 3.22954
11.3528 3.40767
11.6508 3.64777
11.9605 3.84662
10.5587 3.07636
10.9064 3.63296
11.4888 4.1208
11.7949 4.31841
10.0827 2.92317
10.437 3.4608
10.4528 3.84316
11.6092 4.78264
9.60676 2.76999
9.96756 3.28865
9.98957 3.65485
9.99208 4.03753
11.4037 5.23846
9.1308 2.61681
9.49814 3.1165
9.5289 3.84921
9.52473 4.21524
11.5605 5.71324
8.65484 2.46363
9.04447 3.32671
9.0612 4.02603
9.3031 4.66344
11.7032 6.19244
8.42661 2.01876
8.58242 3.13563
8.61389 3.80262
8.58693 4.18436
8.82171 4.79856
11.4528 6.62522
11.8322 6.67552
8.55776 1.53627
9.05826 5.09938
8.34546 4.62218
8.56024 5.22475
11.5622 7.11312
11.9477 7.162
8.65736 1.04629
8.79089 5.52189
8.85286 2.86488
11.6579 7.60386
12.3661 7.43572
8.35492 0.648126
8.50176 5.92982
8.38314 2.69351
8.72505 0.550891
12.8555 7.33342
8.39882 0.150056
8.55988 6.42643
8.76061 0.0521579
13.1186 6.90819
13.3422 7.21873
8.0525 -0.210593
8.60027 6.9248
8.40945 -0.303764
12.9865 6.42594
13.3662 6.47381
13.5946 6.78713
7.55273 -0.19567
7.68855 -0.553436
8.62349 7.42426
8.04171 -0.642538
12.5458 6.1897
13.2169 5.99661
13.5981 6.03084
13.8318 6.34697
7.05295 -0.180746
7.19026 -0.512205
8.63011 7.92422
7.65749 -0.962501
12.1052 5.95346
12.7681 5.77629
13.0553 5.52344
13.4318 5.55928
14.0535 5.8988
6.55317 -0.165822
6.80875 -0.8354
8.62066 8.42413
7.16263 -0.890958
7.25698 -1.26183
11.9606 5.47481
12.3192 5.55598
12.6008 5.31517
13.2534 5.0922
13.8769 5.43102
6.21033 0.198127
6.5681 0.333955
6.40847 -1.13502
8.59566 8.9235
6.76213 -1.19028
6.84052 -1.53851
12.184 5.02751
14.2594 5.44316
12.7917 4.90032
13.6885 4.96786
5.71069 0.179127
5.8436 0.53799
6.19401 0.665707
6.53816 0.833058
8.55559 9.42189
6.40857 -1.79034
12.389 4.57147
14.0666 4.98183
14.4493 4.98062
13.4882 4.50974
5.21105 0.160128
5.45317 0.850353
5.79838 0.971445
6.13595 1.13009
6.46379 1.3275
8.50096 9.9189
12.5753 4.10745
13.8622 4.52552
14.2405 4.52629
14.6229 4.51174
13.0179 4.33992
4.71141 0.141129
4.96205 0.75657
5.03958 1.13132
5.3817 1.24781
5.71468 1.3994
6.03676 1.58758
8.43222 10.4142
12.3603 3.65602
12.7425 3.63624
13.646 4.07466
14.0203 4.07738
14.3984 4.06496
4.37155 -0.225603
4.47092 0.662787
4.60378 1.37642
4.94483 1.49101
5.27514 1.63774
5.59327 1.8185
8.34981 10.9073
12.5135 3.18006
12.8904 3.15861
13.1701 3.92132
13.4179 3.62972
13.7886 3.63432
14.1628 3.62399
6.34574 1.81336
4.42538 1.84352
4.76805 1.95872
5.09627 2.10465
5.40922 2.28339
8.62922 11.322
12.6466 2.6981
13.0188 2.67537
13.5582 3.1498
13.9253 3.15337
14.2955 3.14192
5.89735 2.0346
6.18512 2.28686
4.56915 2.3224
4.91869 2.43549
5.85322 2.51332
8.53359 11.8127
9.11999 11.4176
12.7595 2.211
13.1274 2.18732
13.6799 2.66482
14.0438 2.66761
14.4105 2.65533
8.90863 11.7366
4.67267 2.81157
5.37668 2.66469
8.42561 12.3009
9.52746 11.1278
9.61302 11.5008
12.8518 1.71962
13.2162 1.69526
13.7827 2.17551
14.144 2.17775
14.5076 2.16485
9.3994 11.8322
4.36874 3.20859
4.73849 3.30721
8.30564 12.7863
9.59303 10.6321
9.92432 10.8237
10.0132 11.2011
12.9236 1.2248
13.2849 1.2
13.8666 1.6826
14.2257 1.68448
14.5867 1.67115
9.89235 11.9159
4.38091 3.70844
4.76904 3.80628
7.87151 13.0344
8.17406 13.2687
9.27874 10.2433
9.97219 10.326
10.3101 10.5056
10.4028 10.8876
12.9747 0.727413
13.3335 0.702371
13.9314 1.18682
14.2889 1.18848
14.6478 1.17489
10.2931 11.6168
4.35783 4.2079
4.76658 4.30627
7.39388 12.8865
7.42921 13.2675
7.73423 13.5065
8.96445 9.85439
9.64425 9.94855
10.3402 10.0065
10.6843 10.174
10.7812 10.5608
13.005 0.228332
13.3619 0.203181
13.9771 0.688913
14.3334 0.690472
10.6835 11.3045
10.0072 9.8272
4.39023 4.63546
7.17165 12.4386
6.92002 12.7269
6.95687 13.1036
7.28677 13.7296
9.01719 9.35717
9.3163 9.57112
10.3574 9.5068
10.6966 9.67413
11.0465 9.82925
11.148 10.2211
13.0146 -0.271577
13.3701 -0.296751
14.0036 0.189616
14.3593 0.191141
11.0632 10.9792
9.66934 9.45861
10.0289 9.32768
6.94941 11.9907
6.70914 12.2736
6.48869 12.928
6.81812 13.5553
6.83216 13.9378
9.05563 8.85865
9.35129 9.07235
10.3614 9.00682
10.6961 9.17413
11.041 9.32928
11.5028 9.86879
13.0033 -0.77145
13.3581 -0.796608
14.0109 -0.31033
14.3664 -0.308808
11.4318 10.6414
9.69109 8.95908
10.0371 8.82774
6.72718 11.5428
6.49826 11.8202
6.2933 12.4678
6.02509 12.7407
6.35378 13.3699
6.36953 13.7481
9.07935 8.35922
9.37197 8.57277
10.3517 8.50691
10.6822 8.67432
11.0226 8.82961
11.4873 9.36903
11.8452 9.50441
12.9712 -1.27042
13.326 -1.29557
13.999 -0.810187
14.3549 -0.808674
11.7889 10.2914
10.0312 8.32778
6.25333 11.3832
6.37091 14.1308
6.0979 12.0075
5.84164 12.2756
5.89413 13.1731
5.91158 13.5474
9.08786 7.85929
9.37789 8.07281
10.3281 8.00747
10.6548 8.17507
11.3532 8.45444
11.4592 8.86982
11.8124 9.00549
12.1748 9.12837
13.2855 -1.65931
13.6406 -1.68415
13.9679 -1.30922
14.3246 -1.30776
12.134 9.92956
10.011 7.82819
5.79934 11.5928
5.91481 13.9259
5.90353 14.3084
5.38302 12.0764
5.43958 12.9648
5.4587 13.3355
9.08069 7.35934
9.36862 7.57289
10.2901 7.50891
10.6135 7.67679
11.8506 8.40421
12.1323 8.62129
12.4911 8.74114
12.79 -1.59239
13.2185 -2.15481
13.5746 -2.17977
14.2841 -1.6965
14.642 -1.69416
12.4668 9.5564
9.97593 7.32942
13.9444 -2.0813
5.46375 13.7102
5.45446 14.0886
5.5536 12.5464
5.43054 14.4705
9.05736 6.85989
9.34369 7.07352
10.2374 7.0117
10.5578 7.17989
12.9865 8.6738
12.889 9.04386
13.1317 -2.64721
13.4892 -2.67242
14.5901 -2.09199
12.512 10.0543
9.9257 6.83195
13.865 -2.57496
14.2373 -2.48649
4.73323 4.80516
8.03121 13.7479
9.01735 6.36149
9.30264 6.5752
10.1696 6.51633
10.4875 6.68486
13.4802 8.59464
13.3845 8.97652
13.0251 -3.13572
13.3846 -3.16135
12.9564 9.5393
12.1831 10.4309
9.85984 6.3363
13.7669 -3.06523
14.145 -2.9779
14.5196 -2.89924
4.33839 5.11192
7.58605 13.9755
7.87742 14.2236
8.96015 5.86477
9.24497 6.07854
10.0862 6.02333
10.4021 6.19221
13.9719 8.50399
13.8782 8.89775
13.278 -3.56704
13.6397 -3.59137
13.0122 10.0362
11.8421 10.7966
9.77793 5.84306
14.0281 -3.49156
14.4117 -3.40083
4.67095 5.30127
7.13376 14.1887
7.42728 14.4413
9.25673 5.46223
9.98683 5.5333
10.3013 5.70247
14.4615 8.40214
14.3701 8.80784
13.1385 -4.04719
13.5189 -4.00519
13.8832 -4.02809
12.6917 10.4199
11.4893 11.1509
9.67953 5.35284
14.2781 -3.92458
13.0569 10.5342
6.67481 14.3871
6.97048 14.6446
13.287 9.34657
9.87113 5.04687
10.1847 5.21626
10.3872 11.9878
12.9804 -4.52152
13.3665 -4.48141
13.734 -4.50531
14.1151 -4.47104
12.359 10.7931
11.1251 11.4935
14.517 -4.36385
12.7279 10.9107
13.0905 11.033
6.20968 14.5705
13.3543 9.84202
13.7824 9.27923
9.73866 4.56473
10.0518 4.73423
10.7808 11.6795
10.8835 12.0482
13.5785 -4.93427
13.9493 -4.95654
14.3357 -4.91976
12.0146 11.1556
13.6849 9.64929
12.3873 11.2768
12.7535 11.4024
13.1133 11.5325
13.4106 10.3388
14.2762 9.20082
10.2836 4.29117
10.4969 12.3653
13.3959 -5.39974
13.7785 -5.39252
14.1531 -5.41312
14.545 -5.37383
11.6588 11.5069
14.1804 9.58195
12.0355 11.6321
12.4053 11.7613
12.7686 11.8947
13.1256 12.0324
13.4559 10.8368
13.7523 10.1447
10.0012 12.3002
10.1004 12.6698
12.9305 -5.58268
13.5841 -5.85318
13.9668 -5.85572
14.3455 -5.87462
11.292 11.8467
14.5848 9.87596
11.6728 11.9762
12.0464 12.1093
12.4131 12.2463
12.7734 12.3873
13.1276 12.5324
13.4906 11.3356
13.8088 10.6415
9.50706 12.2237
9.60697 12.5889
12.4777 -5.37076
13.1144 -6.02465
13.3732 -6.30654
13.761 -6.3114
14.1441 -6.33224
14.5267 -6.34065
11.2569 12.3455
14.6629 10.3698
11.644 12.4754
12.0234 12.6088
12.3956 12.746
12.7607 12.8871
13.1193 13.0323
13.5148 11.835
13.8549 11.1394
9.01491 12.1355
9.11557 12.4966
12.6404 -6.18378
12.8977 -6.46099
13.1462 -6.75201
13.5393 -6.75958
13.9271 -6.7827
14.3145 -6.79338
10.8724 12.665
11.2109 12.8433
14.3606 10.7681
11.6046 12.9738
11.99 13.1077
12.3676 13.2452
12.7379 13.3866
13.1012 13.532
13.5287 12.3348
13.8905 11.6381
8.69624 12.7689
12.4058 -6.62534
12.6591 -6.90038
12.9032 -7.18903
13.3021 -7.19971
13.6948 -7.22545
14.0872 -7.23876
10.478 12.9724
10.8196 13.1545
11.1542 13.3401
14.414 11.2652
11.5546 13.4713
11.9462 13.6058
12.3296 13.7438
12.7052 13.8855
13.0733 14.0312
13.5326 12.8348
13.916 12.1375
8.57594 13.2543
12.4044 -7.33066
12.6447 -7.61703
13.0495 -7.63124
10.0743 13.2674
10.4189 13.4536
10.7564 13.643
11.087 13.8356
14.4574 11.7634
11.4943 13.9677
11.8924 14.1029
12.2817 14.2415
12.6627 14.3837
13.0359 14.5298
13.5267 13.3348
13.9315 12.6372
8.44444 13.7367
12.4605 -5.75306
9.69428 12.9615
9.6616 13.5496
10.0093 13.7404
10.3497 13.9338
10.683 14.1301
14.4909 12.2622
11.0946 14.268
11.4966 14.4085
11.8287 14.5988
13.421 14.2108
13.5338 14.5765
13.5111 13.8345
13.9373 13.1372
8.30206 14.216
9.20372 12.8649
9.27905 13.2401
9.24032 13.8189
9.59116 14.0145
9.93447 14.2124
10.2706 14.4128
14.5147 12.7617
10.6864 14.5568
13.9199 14.2444
14.0323 14.6141
13.8819 13.4991
14.2881 13.4935
14.0829 9.95201
8.85511 13.5052
8.81087 14.075
9.16488 14.2758
9.51116 14.4785
14.2902 13.9084
14.4193 14.2687
14.5315 14.6427
14.6444 13.1426
14.639 13.8497
14.1502 10.4475
8.67329 14.5557
13.8259 7.09204
8.76398 -0.447831
14.0678 6.65448
14.3064 6.95372
8.39065 -0.780438
14.2947 6.20892
14.5379 6.51058
8.00192 -1.09491
14.5063 5.75589
8.73518 -0.947001
7.59799 -1.38959
8.34129 -1.25497
8.67442 -1.4433
7.17916 -1.6627
7.93321 -1.54389
8.26161 -1.72541
6.74589 -1.91224
7.51126 -1.81215
7.83591 -1.98766
6.588 -2.38666
7.07586 -2.05796
7.3977 -2.22844
6.39161 -2.84647
6.91546 -2.53153
7.23323 -2.70061
6.5392 -3.32419
6.71874 -2.99121
7.03446 -3.1594
6.66043 -3.80927
8.58201 -1.93468
7.18369 -3.63662
6.38127 -4.22409
6.75635 -4.29999
8.15202 -2.18984
7.30922 -4.1206
6.44108 -4.7205
6.82802 -4.79482
7.71045 -2.4244
7.4119 -4.60994
6.47644 -5.21925
6.87642 -5.29248
7.54055 -2.89465
7.12003 -5.01591
7.49258 -5.10339
6.48846 -5.7191
6.90252 -5.79179
7.72077 -3.36104
7.16936 -5.51347
7.55205 -5.59984
6.47818 -6.219
6.90726 -6.29177
7.49713 -3.80823
7.19738 -6.01268
7.59111 -6.09831
6.44657 -6.718
6.89151 -6.79152
7.62337 -4.29204
7.20495 -6.51263
7.61051 -6.59794
6.3946 -7.21529
6.85611 -7.29027
7.7278 -4.78101
7.19285 -7.01248
7.61099 -7.09794
6.694 -7.61574
7.87885 -3.83539
7.8112 -5.27401
7.16188 -7.51152
7.59324 -7.59762
8.01547 -4.31636
7.87429 -5.77001
8.45839 -2.41916
8.13133 -4.80276
7.91779 -6.26811
8.013 -2.64638
8.30412 -2.89477
8.22708 -5.2935
7.94239 -6.76751
8.1199 -3.35959
8.30339 -5.78764
7.94877 -7.26747
8.28877 -3.83021
8.3609 -6.28433
8.29431 -7.62885
8.43728 -4.30765
8.40023 -6.78278
8.79418 -7.64006
8.56602 -4.79079
8.42197 -7.2823
9.14419 -7.28299
9.29416 -7.63507
8.67559 -5.27864
9.11632 -6.78377
9.47749 -6.91029
9.63279 -7.2672
8.76656 -5.77029
8.73268 -6.46312
9.07178 -6.28576
9.42683 -6.41286
9.9548 -6.88469
9.7934 -6.52273
8.77722 -6.96113
9.37899 -5.89127
9.72962 -6.01497
10.2596 -6.4883
10.0913 -6.12115
9.29312 -5.39869
9.66657 -5.48225
10.0133 -5.60324
10.5465 -6.07882
10.3705 -5.7064
9.1897 -4.90951
9.55679 -4.99445
9.89971 -5.11632
10.815 -5.65707
10.2525 -5.22054
10.6306 -5.27935
9.06825 -4.42448
9.42966 -4.51088
9.76941 -4.6336
11.0647 -5.22387
10.1183 -4.73888
10.4905 -4.79937
8.92825 -3.94448
9.28475 -4.03234
9.62198 -4.15583
10.9138 -4.74719
11.2951 -4.78009
9.9676 -4.26212
10.3346 -4.32432
8.76919 -3.47046
9.12158 -3.55971
9.45701 -3.68383
10.7476 -4.27562
11.1233 -4.31052
9.80004 -3.79103
10.1624 -3.8549
8.97312 -3.01393
9.3223 -3.10177
9.65668 -3.22543
10.5658 -3.80982
10.9365 -3.84672
9.99787 -3.33183
10.3563 -3.39403
9.14992 -2.54623
9.49691 -2.63325
9.83126 -2.75689
10.7508 -3.34531
11.117 -3.38044
10.1715 -2.86295
10.5268 -2.924
8.91788 -2.10333
9.29902 -2.06898
9.64492 -2.15566
9.98025 -2.27961
10.9131 -2.87237
11.2755 -2.90621
10.3205 -2.38566
10.6735 -2.44601
9.04625 -1.62009
9.41997 -1.58383
9.7659 -1.67051
10.1033 -1.79498
11.0523 -2.39213
11.4115 -2.42508
10.4445 -1.90128
10.7961 -1.96127
9.14494 -1.12993
9.5124 -1.09245
9.8595 -1.17935
10.2 -1.30442
11.168 -1.90571
11.525 -1.93812
10.5431 -1.41111
10.8942 -1.47099
9.21365 -0.63467
9.57605 -0.596514
9.92547 -0.683727
10.2702 -0.809375
11.2601 -1.41426
11.6155 -1.44639
10.6163 -0.916489
10.9677 -0.976431
9.25217 -0.136156
9.61074 -0.0977199
9.96366 -0.185187
10.3137 -0.31127
11.3284 -0.918948
10.6637 -0.418744
11.0165 -0.478813
9.26042 0.363775
9.61642 0.402248
9.97399 0.314706
10.3304 0.188451
11.3727 -0.420916
11.5056 -4.32658
9.23842 0.863292
9.5931 0.901704
9.95647 0.814399
10.3203 0.688349
11.3133 -3.86503
9.18631 1.36057
9.54092 1.39897
9.91119 1.31234
10.2835 1.18699
11.4888 -3.39683
9.10433 1.8538
9.4601 1.8924
9.83834 1.80701
10.22 1.68295
11.6428 -2.92116
9.37015 2.27729
9.72795 2.3146
10.1139 2.22422
10.5044 2.09425
8.88769 2.14603
9.79373 -7.6144
10.3736 2.65151
10.612 1.60596
10.121 -7.23641
10.2924 -7.57855
10.4318 -6.84471
10.6085 -7.19108
10.7899 -7.52802
10.7255 -6.44004
10.908 -6.79077
11.0947 -7.13165
11.0015 -6.02316
11.1907 -6.37834
11.3832 -6.72328
11.2595 -5.59483
11.456 -5.95451
11.2857 -7.46326
11.4988 -5.15586
11.5793 -7.05857
11.8382 0.371482
11.3385 0.354354
10.4316 4.78149
10.6194 5.46319
12.136 6.44283
12.2578 6.93784
9.22333 10.7309
8.86716 4.41859
8.78153 10.1905
8.88987 10.5575
8.70702 -2.77827
8.83021 11.0101
14.2634 7.33399
14.4687 -7.26899
7.63834 12.5921
14.5436 3.58649
7.06787 0.319032
12.5688 6.69322
7.10898 11.5169
7.39731 11.7685
6.56698 2.26175
7.40516 12.1498
7.04162 0.818341
7.03021 2.44995
4.87119 -0.206604
6.97451 1.31382
7.49084 2.25548
4.84454 -0.705894
6.86712 1.80215
7.49344 2.63815
4.43295 -0.989786
4.75424 -1.19767
5.37564 0.475606
4.60228 -1.67402
5.26547 4.33963
4.39157 -2.12745
5.62206 3.98913
4.5032 -2.61483
5.5854 3.49048
4.57505 -3.10964
5.94874 3.61061
4.60978 -3.60843
6.44274 3.53338
4.60987 -4.10843
6.9318 3.42935
