2.5000000000000000e-01 1.5000000000000000e+01
2.5000000000000000e-01 1.5000000000000000e+01
5.0000000000000000e-01 1.5000000000000000e+01
5.0000000000000000e-01 1.5000000000000000e+01
7.5000000000000000e-01 1.5000000000000000e+01
7.5000000000000000e-01 1.5000000000000000e+01
1.0000000000000000e+00 1.5000000000000000e+01
1.0000000000000000e+00 1.5000000000000000e+01
1.2500000000000000e+00 1.5000000000000000e+01
1.2500000000000000e+00 1.5000000000000000e+01
1.5000000000000000e+00 1.5000000000000000e+01
1.5000000000000000e+00 1.5000000000000000e+01
1.7500000000000000e+00 1.5000000000000000e+01
1.7500000000000000e+00 1.5000000000000000e+01
2.0000000000000000e+00 1.5000000000000000e+01
2.0000000000000000e+00 1.5000000000000000e+01
2.2500000000000000e+00 1.5000000000000000e+01
2.2500000000000000e+00 1.5000000000000000e+01
2.5000000000000000e+00 1.5000000000000000e+01
2.5000000000000000e+00 1.5000000000000000e+01
2.7500000000000000e+00 1.5000000000000000e+01
2.7500000000000000e+00 1.5000000000000000e+01
3.0000000000000000e+00 1.5000000000000000e+01
3.0000000000000000e+00 1.5000000000000000e+01
3.2500000000000000e+00 1.5000000000000000e+01
3.2500000000000000e+00 1.5000000000000000e+01
3.5000000000000000e+00 1.5000000000000000e+01
3.5000000000000000e+00 1.5000000000000000e+01
3.7500000000000000e+00 1.5000000000000000e+01
3.7500000000000000e+00 1.5000000000000000e+01
4.0000000000000000e+00 1.5000000000000000e+01
4.0000000000000000e+00 1.5000000000000000e+01
4.2500000000000000e+00 1.5000000000000000e+01
4.2500000000000000e+00 1.5000000000000000e+01
4.5000000000000000e+00 1.5000000000000000e+01
4.5000000000000000e+00 1.5000000000000000e+01
4.7500000000000000e+00 1.5000000000000000e+01
4.7500000000000000e+00 1.5000000000000000e+01
5.0000000000000000e+00 1.5000000000000000e+01
5.0000000000000000e+00 1.5000000000000000e+01
5.2500000000000000e+00 1.5000000000000000e+01
5.2500000000000000e+00 1.5000000000000000e+01
5.5000000000000000e+00 1.5000000000000000e+01
5.5000000000000000e+00 1.5000000000000000e+01
5.7500000000000000e+00 1.5000000000000000e+01
5.7500000000000000e+00 1.5000000000000000e+01
6.0000000000000000e+00 1.5000000000000000e+01
6.0000000000000000e+00 1.5000000000000000e+01
6.2500000000000000e+00 1.5000000000000000e+01
6.2500000000000000e+00 1.5000000000000000e+01
6.5000000000000000e+00 1.5000000000000000e+01
6.5000000000000000e+00 1.5000000000000000e+01
6.7500000000000000e+00 1.5000000000000000e+01
6.7500000000000000e+00 1.5000000000000000e+01
7.0000000000000000e+00 1.5000000000000000e+01
7.0000000000000000e+00 1.5000000000000000e+01
7.2500000000000000e+00 1.5000000000000000e+01
7.2500000000000000e+00 1.5000000000000000e+01
7.5000000000000000e+00 1.5000000000000000e+01
7.5000000000000000e+00 1.5000000000000000e+01
7.7500000000000000e+00 1.5000000000000000e+01
7.7500000000000000e+00 1.5000000000000000e+01
8.0000000000000000e+00 1.5000000000000000e+01
8.0000000000000000e+00 1.5000000000000000e+01
8.2500000000000000e+00 1.5000000000000000e+01
8.2500000000000000e+00 1.5000000000000000e+01
8.5000000000000000e+00 1.5000000000000000e+01
8.5000000000000000e+00 1.5000000000000000e+01
8.7500000000000000e+00 1.5000000000000000e+01
8.7500000000000000e+00 1.5000000000000000e+01
9.0000000000000000e+00 1.5000000000000000e+01
9.0000000000000000e+00 1.5000000000000000e+01
9.2500000000000000e+00 1.5000000000000000e+01
9.2500000000000000e+00 1.5000000000000000e+01
9.5000000000000000e+00 1.5000000000000000e+01
9.5000000000000000e+00 1.5000000000000000e+01
9.7500000000000000e+00 1.5000000000000000e+01
9.7500000000000000e+00 1.5000000000000000e+01
1.0000000000000000e+01 1.5000000000000000e+01
1.0000000000000000e+01 1.5000000000000000e+01
1.0250000000000000e+01 1.5000000000000000e+01
1.0250000000000000e+01 1.5000000000000000e+01
1.0500000000000000e+01 1.5000000000000000e+01
1.0500000000000000e+01 1.5000000000000000e+01
1.0750000000000000e+01 1.5000000000000000e+01
1.0750000000000000e+01 1.5000000000000000e+01
1.1000000000000000e+01 1.5000000000000000e+01
1.1000000000000000e+01 1.5000000000000000e+01
1.1250000000000000e+01 1.5000000000000000e+01
1.1250000000000000e+01 1.5000000000000000e+01
1.1500000000000000e+01 1.5000000000000000e+01
1.1500000000000000e+01 1.5000000000000000e+01
1.1750000000000000e+01 1.5000000000000000e+01
1.1750000000000000e+01 1.5000000000000000e+01
1.2000000000000000e+01 1.5000000000000000e+01
1.2000000000000000e+01 1.5000000000000000e+01
1.2250000000000000e+01 1.5000000000000000e+01
1.2250000000000000e+01 1.5000000000000000e+01
1.2500000000000000e+01 1.5000000000000000e+01
1.2500000000000000e+01 1.5000000000000000e+01
1.2750000000000000e+01 1.5000000000000000e+01
1.2750000000000000e+01 1.5000000000000000e+01
1.3000000000000000e+01 1.5000000000000000e+01
1.3000000000000000e+01 1.5000000000000000e+01
1.3250000000000000e+01 1.5000000000000000e+01
1.3250000000000000e+01 1.5000000000000000e+01
1.3500000000000000e+01 1.5000000000000000e+01
1.3500000000000000e+01 1.5000000000000000e+01
1.3750000000000000e+01 1.5000000000000000e+01
1.3750000000000000e+01 1.5000000000000000e+01
1.4000000000000000e+01 1.5000000000000000e+01
1.4000000000000000e+01 1.5000000000000000e+01
1.4250000000000000e+01 1.5000000000000000e+01
1.4250000000000000e+01 1.5000000000000000e+01
1.4500000000000000e+01 1.5000000000000000e+01
1.4500000000000000e+01 1.5000000000000000e+01
1.4750000000000000e+01 1.5000000000000000e+01
1.4750000000000000e+01 1.5000000000000000e+01
1.5000000000000000e+01 1.5000000000000000e+01
1.5000000000000000e+01 1.5000000000000000e+01
1.5000000000000000e+01 1.5000000000000000e+01
5.0000000000000000e+00 1.1000000000000000e+01
5.0000000000000000e+00 1.1250000000000000e+01
5.0000000000000000e+00 1.1500000000000000e+01
5.0000000000000000e+00 1.1750000000000000e+01
5.0000000000000000e+00 1.2000000000000000e+01
5.0000000000000000e+00 1.2250000000000000e+01
5.0000000000000000e+00 1.2500000000000000e+01
5.0000000000000000e+00 1.2750000000000000e+01
5.0000000000000000e+00 1.3000000000000000e+01
5.0000000000000000e+00 1.3250000000000000e+01
5.0000000000000000e+00 1.3500000000000000e+01
5.0000000000000000e+00 1.3750000000000000e+01
5.0000000000000000e+00 1.4000000000000000e+01
5.0000000000000000e+00 1.4250000000000000e+01
5.0000000000000000e+00 1.4500000000000000e+01
5.0000000000000000e+00 1.4750000000000000e+01
5.0000000000000000e+00 1.5000000000000000e+01
5.0000000000000000e+00 1.5000000000000000e+01
2.5000000000000000e-01 -1.5000000000000000e+01
2.5000000000000000e-01 -1.5000000000000000e+01
5.0000000000000000e-01 -1.5000000000000000e+01
5.0000000000000000e-01 -1.5000000000000000e+01
7.5000000000000000e-01 -1.5000000000000000e+01
7.5000000000000000e-01 -1.5000000000000000e+01
1.0000000000000000e+00 -1.5000000000000000e+01
1.0000000000000000e+00 -1.5000000000000000e+01
1.2500000000000000e+00 -1.5000000000000000e+01
1.2500000000000000e+00 -1.5000000000000000e+01
1.5000000000000000e+00 -1.5000000000000000e+01
1.5000000000000000e+00 -1.5000000000000000e+01
1.7500000000000000e+00 -1.5000000000000000e+01
1.7500000000000000e+00 -1.5000000000000000e+01
2.0000000000000000e+00 -1.5000000000000000e+01
2.0000000000000000e+00 -1.5000000000000000e+01
2.2500000000000000e+00 -1.5000000000000000e+01
2.2500000000000000e+00 -1.5000000000000000e+01
2.5000000000000000e+00 -1.5000000000000000e+01
2.5000000000000000e+00 -1.5000000000000000e+01
2.7500000000000000e+00 -1.5000000000000000e+01
2.7500000000000000e+00 -1.5000000000000000e+01
3.0000000000000000e+00 -1.5000000000000000e+01
3.0000000000000000e+00 -1.5000000000000000e+01
3.2500000000000000e+00 -1.5000000000000000e+01
3.2500000000000000e+00 -1.5000000000000000e+01
3.5000000000000000e+00 -1.5000000000000000e+01
3.5000000000000000e+00 -1.5000000000000000e+01
3.7500000000000000e+00 -1.5000000000000000e+01
3.7500000000000000e+00 -1.5000000000000000e+01
4.0000000000000000e+00 -1.5000000000000000e+01
4.0000000000000000e+00 -1.5000000000000000e+01
4.2500000000000000e+00 -1.5000000000000000e+01
4.2500000000000000e+00 -1.5000000000000000e+01
4.5000000000000000e+00 -1.5000000000000000e+01
4.5000000000000000e+00 -1.5000000000000000e+01
4.7500000000000000e+00 -1.5000000000000000e+01
4.7500000000000000e+00 -1.5000000000000000e+01
5.0000000000000000e+00 -1.5000000000000000e+01
5.0000000000000000e+00 -1.5000000000000000e+01
5.2500000000000000e+00 -1.5000000000000000e+01
5.2500000000000000e+00 -1.5000000000000000e+01
5.5000000000000000e+00 -1.5000000000000000e+01
5.5000000000000000e+00 -1.5000000000000000e+01
5.7500000000000000e+00 -1.5000000000000000e+01
5.7500000000000000e+00 -1.5000000000000000e+01
6.0000000000000000e+00 -1.5000000000000000e+01
6.0000000000000000e+00 -1.5000000000000000e+01
6.2500000000000000e+00 -1.5000000000000000e+01
6.2500000000000000e+00 -1.5000000000000000e+01
6.5000000000000000e+00 -1.5000000000000000e+01
6.5000000000000000e+00 -1.5000000000000000e+01
6.7500000000000000e+00 -1.5000000000000000e+01
6.7500000000000000e+00 -1.5000000000000000e+01
7.0000000000000000e+00 -1.5000000000000000e+01
7.0000000000000000e+00 -1.5000000000000000e+01
7.2500000000000000e+00 -1.5000000000000000e+01
7.2500000000000000e+00 -1.5000000000000000e+01
7.5000000000000000e+00 -1.5000000000000000e+01
7.5000000000000000e+00 -1.5000000000000000e+01
7.7500000000000000e+00 -1.5000000000000000e+01
7.7500000000000000e+00 -1.5000000000000000e+01
8.0000000000000000e+00 -1.5000000000000000e+01
8.0000000000000000e+00 -1.5000000000000000e+01
8.2500000000000000e+00 -1.5000000000000000e+01
8.2500000000000000e+00 -1.5000000000000000e+01
8.5000000000000000e+00 -1.5000000000000000e+01
8.5000000000000000e+00 -1.5000000000000000e+01
8.7500000000000000e+00 -1.5000000000000000e+01
8.7500000000000000e+00 -1.5000000000000000e+01
9.0000000000000000e+00 -1.5000000000000000e+01
9.0000000000000000e+00 -1.5000000000000000e+01
9.2500000000000000e+00 -1.5000000000000000e+01
9.2500000000000000e+00 -1.5000000000000000e+01
9.5000000000000000e+00 -1.5000000000000000e+01
9.5000000000000000e+00 -1.5000000000000000e+01
9.7500000000000000e+00 -1.5000000000000000e+01
9.7500000000000000e+00 -1.5000000000000000e+01
1.0000000000000000e+01 -1.5000000000000000e+01
1.0000000000000000e+01 -1.5000000000000000e+01
1.0250000000000000e+01 -1.5000000000000000e+01
1.0250000000000000e+01 -1.5000000000000000e+01
1.0500000000000000e+01 -1.5000000000000000e+01
1.0500000000000000e+01 -1.5000000000000000e+01
1.0750000000000000e+01 -1.5000000000000000e+01
1.0750000000000000e+01 -1.5000000000000000e+01
1.1000000000000000e+01 -1.5000000000000000e+01
1.1000000000000000e+01 -1.5000000000000000e+01
1.1250000000000000e+01 -1.5000000000000000e+01
1.1250000000000000e+01 -1.5000000000000000e+01
1.1500000000000000e+01 -1.5000000000000000e+01
1.1500000000000000e+01 -1.5000000000000000e+01
1.1750000000000000e+01 -1.5000000000000000e+01
1.1750000000000000e+01 -1.5000000000000000e+01
1.2000000000000000e+01 -1.5000000000000000e+01
1.2000000000000000e+01 -1.5000000000000000e+01
1.2250000000000000e+01 -1.5000000000000000e+01
1.2250000000000000e+01 -1.5000000000000000e+01
1.2500000000000000e+01 -1.5000000000000000e+01
1.2500000000000000e+01 -1.5000000000000000e+01
1.2750000000000000e+01 -1.5000000000000000e+01
1.2750000000000000e+01 -1.5000000000000000e+01
1.3000000000000000e+01 -1.5000000000000000e+01
1.3000000000000000e+01 -1.5000000000000000e+01
1.3250000000000000e+01 -1.5000000000000000e+01
1.3250000000000000e+01 -1.5000000000000000e+01
1.3500000000000000e+01 -1.5000000000000000e+01
1.3500000000000000e+01 -1.5000000000000000e+01
1.3750000000000000e+01 -1.5000000000000000e+01
1.3750000000000000e+01 -1.5000000000000000e+01
1.4000000000000000e+01 -1.5000000000000000e+01
1.4000000000000000e+01 -1.5000000000000000e+01
1.4250000000000000e+01 -1.5000000000000000e+01
1.4250000000000000e+01 -1.5000000000000000e+01
1.4500000000000000e+01 -1.5000000000000000e+01
1.4500000000000000e+01 -1.5000000000000000e+01
1.4750000000000000e+01 -1.5000000000000000e+01
1.4750000000000000e+01 -1.5000000000000000e+01
1.5000000000000000e+01 -1.5000000000000000e+01
1.5000000000000000e+01 -1.5000000000000000e+01
1.5000000000000000e+01 -1.5000000000000000e+01
1.5000000000000000e+01 2.5000000000000000e-01
1.5000000000000000e+01 2.5000000000000000e-01
1.5000000000000000e+01 5.0000000000000000e-01
1.5000000000000000e+01 5.0000000000000000e-01
1.5000000000000000e+01 7.5000000000000000e-01
1.5000000000000000e+01 7.5000000000000000e-01
1.5000000000000000e+01 1.0000000000000000e+00
1.5000000000000000e+01 1.0000000000000000e+00
1.5000000000000000e+01 1.2500000000000000e+00
1.5000000000000000e+01 1.2500000000000000e+00
1.5000000000000000e+01 1.5000000000000000e+00
1.5000000000000000e+01 1.5000000000000000e+00
1.5000000000000000e+01 1.7500000000000000e+00
1.5000000000000000e+01 1.7500000000000000e+00
1.5000000000000000e+01 2.0000000000000000e+00
1.5000000000000000e+01 2.0000000000000000e+00
1.5000000000000000e+01 2.2500000000000000e+00
1.5000000000000000e+01 2.2500000000000000e+00
1.5000000000000000e+01 2.5000000000000000e+00
1.5000000000000000e+01 2.5000000000000000e+00
1.5000000000000000e+01 2.7500000000000000e+00
1.5000000000000000e+01 2.7500000000000000e+00
1.5000000000000000e+01 3.0000000000000000e+00
1.5000000000000000e+01 3.0000000000000000e+00
1.5000000000000000e+01 3.2500000000000000e+00
1.5000000000000000e+01 3.2500000000000000e+00
1.5000000000000000e+01 3.5000000000000000e+00
1.5000000000000000e+01 3.5000000000000000e+00
1.5000000000000000e+01 3.7500000000000000e+00
1.5000000000000000e+01 3.7500000000000000e+00
1.5000000000000000e+01 4.0000000000000000e+00
1.5000000000000000e+01 4.0000000000000000e+00
1.5000000000000000e+01 4.2500000000000000e+00
1.5000000000000000e+01 4.2500000000000000e+00
1.5000000000000000e+01 4.5000000000000000e+00
1.5000000000000000e+01 4.5000000000000000e+00
1.5000000000000000e+01 4.7500000000000000e+00
1.5000000000000000e+01 4.7500000000000000e+00
1.5000000000000000e+01 5.0000000000000000e+00
1.5000000000000000e+01 5.0000000000000000e+00
1.5000000000000000e+01 5.2500000000000000e+00
1.5000000000000000e+01 5.2500000000000000e+00
1.5000000000000000e+01 5.5000000000000000e+00
1.5000000000000000e+01 5.5000000000000000e+00
1.5000000000000000e+01 5.7500000000000000e+00
1.5000000000000000e+01 5.7500000000000000e+00
1.5000000000000000e+01 6.0000000000000000e+00
1.5000000000000000e+01 6.0000000000000000e+00
1.5000000000000000e+01 6.2500000000000000e+00
1.5000000000000000e+01 6.2500000000000000e+00
1.5000000000000000e+01 6.5000000000000000e+00
1.5000000000000000e+01 6.5000000000000000e+00
1.5000000000000000e+01 6.7500000000000000e+00
1.5000000000000000e+01 6.7500000000000000e+00
1.5000000000000000e+01 7.0000000000000000e+00
1.5000000000000000e+01 7.0000000000000000e+00
1.5000000000000000e+01 7.2500000000000000e+00
1.5000000000000000e+01 7.2500000000000000e+00
1.5000000000000000e+01 7.5000000000000000e+00
1.5000000000000000e+01 7.5000000000000000e+00
1.5000000000000000e+01 7.7500000000000000e+00
1.5000000000000000e+01 7.7500000000000000e+00
1.5000000000000000e+01 8.0000000000000000e+00
1.5000000000000000e+01 8.0000000000000000e+00
1.5000000000000000e+01 8.2500000000000000e+00
1.5000000000000000e+01 8.2500000000000000e+00
1.5000000000000000e+01 8.5000000000000000e+00
1.5000000000000000e+01 8.5000000000000000e+00
1.5000000000000000e+01 8.7500000000000000e+00
1.5000000000000000e+01 8.7500000000000000e+00
1.5000000000000000e+01 9.0000000000000000e+00
1.5000000000000000e+01 9.0000000000000000e+00
1.5000000000000000e+01 9.2500000000000000e+00
1.5000000000000000e+01 9.2500000000000000e+00
1.5000000000000000e+01 9.5000000000000000e+00
1.5000000000000000e+01 9.5000000000000000e+00
1.5000000000000000e+01 9.7500000000000000e+00
1.5000000000000000e+01 9.7500000000000000e+00
1.5000000000000000e+01 1.0000000000000000e+01
1.5000000000000000e+01 1.0000000000000000e+01
1.5000000000000000e+01 1.0250000000000000e+01
1.5000000000000000e+01 1.0250000000000000e+01
1.5000000000000000e+01 1.0500000000000000e+01
1.5000000000000000e+01 1.0500000000000000e+01
1.5000000000000000e+01 1.0750000000000000e+01
1.5000000000000000e+01 1.0750000000000000e+01
1.5000000000000000e+01 1.1000000000000000e+01
1.5000000000000000e+01 1.1000000000000000e+01
1.5000000000000000e+01 1.1250000000000000e+01
1.5000000000000000e+01 1.1250000000000000e+01
1.5000000000000000e+01 1.1500000000000000e+01
1.5000000000000000e+01 1.1500000000000000e+01
1.5000000000000000e+01 1.1750000000000000e+01
1.5000000000000000e+01 1.1750000000000000e+01
1.5000000000000000e+01 1.2000000000000000e+01
1.5000000000000000e+01 1.2000000000000000e+01
1.5000000000000000e+01 1.2250000000000000e+01
1.5000000000000000e+01 1.2250000000000000e+01
1.5000000000000000e+01 1.2500000000000000e+01
1.5000000000000000e+01 1.2500000000000000e+01
1.5000000000000000e+01 1.2750000000000000e+01
1.5000000000000000e+01 1.2750000000000000e+01
1.5000000000000000e+01 1.3000000000000000e+01
1.5000000000000000e+01 1.3000000000000000e+01
1.5000000000000000e+01 1.3250000000000000e+01
1.5000000000000000e+01 1.3250000000000000e+01
1.5000000000000000e+01 1.3500000000000000e+01
1.5000000000000000e+01 1.3500000000000000e+01
1.5000000000000000e+01 1.3750000000000000e+01
1.5000000000000000e+01 1.3750000000000000e+01
1.5000000000000000e+01 1.4000000000000000e+01
1.5000000000000000e+01 1.4000000000000000e+01
1.5000000000000000e+01 1.4250000000000000e+01
1.5000000000000000e+01 1.4250000000000000e+01
1.5000000000000000e+01 1.4500000000000000e+01
1.5000000000000000e+01 1.4500000000000000e+01
1.5000000000000000e+01 1.4750000000000000e+01
1.5000000000000000e+01 1.4750000000000000e+01
1.5000000000000000e+01 1.5000000000000000e+01
1.5000000000000000e+01 1.5000000000000000e+01
1.5000000000000000e+01 1.5000000000000000e+01
1.5000000000000000e+01 -2.5000000000000000e-01
1.5000000000000000e+01 -2.5000000000000000e-01
1.5000000000000000e+01 -5.0000000000000000e-01
1.5000000000000000e+01 -5.0000000000000000e-01
1.5000000000000000e+01 -7.5000000000000000e-01
1.5000000000000000e+01 -7.5000000000000000e-01
1.5000000000000000e+01 -1.0000000000000000e+00
1.5000000000000000e+01 -1.0000000000000000e+00
1.5000000000000000e+01 -1.2500000000000000e+00
1.5000000000000000e+01 -1.2500000000000000e+00
1.5000000000000000e+01 -1.5000000000000000e+00
1.5000000000000000e+01 -1.5000000000000000e+00
1.5000000000000000e+01 -1.7500000000000000e+00
1.5000000000000000e+01 -1.7500000000000000e+00
1.5000000000000000e+01 -2.0000000000000000e+00
1.5000000000000000e+01 -2.0000000000000000e+00
1.5000000000000000e+01 -2.2500000000000000e+00
1.5000000000000000e+01 -2.2500000000000000e+00
1.5000000000000000e+01 -2.5000000000000000e+00
1.5000000000000000e+01 -2.5000000000000000e+00
1.5000000000000000e+01 -2.7500000000000000e+00
1.5000000000000000e+01 -2.7500000000000000e+00
1.5000000000000000e+01 -3.0000000000000000e+00
1.5000000000000000e+01 -3.0000000000000000e+00
1.5000000000000000e+01 -3.2500000000000000e+00
1.5000000000000000e+01 -3.2500000000000000e+00
1.5000000000000000e+01 -3.5000000000000000e+00
1.5000000000000000e+01 -3.5000000000000000e+00
1.5000000000000000e+01 -3.7500000000000000e+00
1.5000000000000000e+01 -3.7500000000000000e+00
1.5000000000000000e+01 -4.0000000000000000e+00
1.5000000000000000e+01 -4.0000000000000000e+00
1.5000000000000000e+01 -4.2500000000000000e+00
1.5000000000000000e+01 -4.2500000000000000e+00
1.5000000000000000e+01 -4.5000000000000000e+00
1.5000000000000000e+01 -4.5000000000000000e+00
1.5000000000000000e+01 -4.7500000000000000e+00
1.5000000000000000e+01 -4.7500000000000000e+00
1.5000000000000000e+01 -5.0000000000000000e+00
1.5000000000000000e+01 -5.0000000000000000e+00
1.5000000000000000e+01 -5.2500000000000000e+00
1.5000000000000000e+01 -5.2500000000000000e+00
1.5000000000000000e+01 -5.5000000000000000e+00
1.5000000000000000e+01 -5.5000000000000000e+00
1.5000000000000000e+01 -5.7500000000000000e+00
1.5000000000000000e+01 -5.7500000000000000e+00
1.5000000000000000e+01 -6.0000000000000000e+00
1.5000000000000000e+01 -6.0000000000000000e+00
1.5000000000000000e+01 -6.2500000000000000e+00
1.5000000000000000e+01 -6.2500000000000000e+00
1.5000000000000000e+01 -6.5000000000000000e+00
1.5000000000000000e+01 -6.5000000000000000e+00
1.5000000000000000e+01 -6.7500000000000000e+00
1.5000000000000000e+01 -6.7500000000000000e+00
1.5000000000000000e+01 -7.0000000000000000e+00
1.5000000000000000e+01 -7.0000000000000000e+00
1.5000000000000000e+01 -7.2500000000000000e+00
1.5000000000000000e+01 -7.2500000000000000e+00
1.5000000000000000e+01 -7.5000000000000000e+00
1.5000000000000000e+01 -7.5000000000000000e+00
1.5000000000000000e+01 -7.7500000000000000e+00
1.5000000000000000e+01 -7.7500000000000000e+00
1.5000000000000000e+01 -8.0000000000000000e+00
1.5000000000000000e+01 -8.0000000000000000e+00
1.5000000000000000e+01 -8.2500000000000000e+00
1.5000000000000000e+01 -8.2500000000000000e+00
1.5000000000000000e+01 -8.5000000000000000e+00
1.5000000000000000e+01 -8.5000000000000000e+00
1.5000000000000000e+01 -8.7500000000000000e+00
1.5000000000000000e+01 -8.7500000000000000e+00
1.5000000000000000e+01 -9.0000000000000000e+00
1.5000000000000000e+01 -9.0000000000000000e+00
1.5000000000000000e+01 -9.2500000000000000e+00
1.5000000000000000e+01 -9.2500000000000000e+00
1.5000000000000000e+01 -9.5000000000000000e+00
1.5000000000000000e+01 -9.5000000000000000e+00
1.5000000000000000e+01 -9.7500000000000000e+00
1.5000000000000000e+01 -9.7500000000000000e+00
1.5000000000000000e+01 -1.0000000000000000e+01
1.5000000000000000e+01 -1.0000000000000000e+01
1.5000000000000000e+01 -1.0250000000000000e+01
1.5000000000000000e+01 -1.0250000000000000e+01
1.5000000000000000e+01 -1.0500000000000000e+01
1.5000000000000000e+01 -1.0500000000000000e+01
1.5000000000000000e+01 -1.0750000000000000e+01
1.5000000000000000e+01 -1.0750000000000000e+01
1.5000000000000000e+01 -1.1000000000000000e+01
1.5000000000000000e+01 -1.1000000000000000e+01
1.5000000000000000e+01 -1.1250000000000000e+01
1.5000000000000000e+01 -1.1250000000000000e+01
1.5000000000000000e+01 -1.1500000000000000e+01
1.5000000000000000e+01 -1.1500000000000000e+01
1.5000000000000000e+01 -1.1750000000000000e+01
1.5000000000000000e+01 -1.1750000000000000e+01
1.5000000000000000e+01 -1.2000000000000000e+01
1.5000000000000000e+01 -1.2000000000000000e+01
1.5000000000000000e+01 -1.2250000000000000e+01
1.5000000000000000e+01 -1.2250000000000000e+01
1.5000000000000000e+01 -1.2500000000000000e+01
1.5000000000000000e+01 -1.2500000000000000e+01
1.5000000000000000e+01 -1.2750000000000000e+01
1.5000000000000000e+01 -1.2750000000000000e+01
1.5000000000000000e+01 -1.3000000000000000e+01
1.5000000000000000e+01 -1.3000000000000000e+01
1.5000000000000000e+01 -1.3250000000000000e+01
1.5000000000000000e+01 -1.3250000000000000e+01
1.5000000000000000e+01 -1.3500000000000000e+01
1.5000000000000000e+01 -1.3500000000000000e+01
1.5000000000000000e+01 -1.3750000000000000e+01
1.5000000000000000e+01 -1.3750000000000000e+01
1.5000000000000000e+01 -1.4000000000000000e+01
1.5000000000000000e+01 -1.4000000000000000e+01
1.5000000000000000e+01 -1.4250000000000000e+01
1.5000000000000000e+01 -1.4250000000000000e+01
1.5000000000000000e+01 -1.4500000000000000e+01
1.5000000000000000e+01 -1.4500000000000000e+01
1.5000000000000000e+01 -1.4750000000000000e+01
1.5000000000000000e+01 -1.4750000000000000e+01
1.5000000000000000e+01 -1.5000000000000000e+01
1.5000000000000000e+01 -1.5000000000000000e+01
1.5000000000000000e+01 -1.5000000000000000e+01
2.5000000000000000e-01 -8.0000000000000000e+00
5.0000000000000000e-01 -8.0000000000000000e+00
7.5000000000000000e-01 -8.0000000000000000e+00
1.0000000000000000e+00 -8.0000000000000000e+00
1.2500000000000000e+00 -8.0000000000000000e+00
1.5000000000000000e+00 -8.0000000000000000e+00
1.7500000000000000e+00 -8.0000000000000000e+00
3.0000000000000000e+00 -8.0000000000000000e+00
3.2500000000000000e+00 -8.0000000000000000e+00
3.5000000000000000e+00 -8.0000000000000000e+00
3.7500000000000000e+00 -8.0000000000000000e+00
4.0000000000000000e+00 -8.0000000000000000e+00
4.2500000000000000e+00 -8.0000000000000000e+00
4.5000000000000000e+00 -8.0000000000000000e+00
4.7500000000000000e+00 -8.0000000000000000e+00
6.0000000000000000e+00 -8.0000000000000000e+00
6.2500000000000000e+00 -8.0000000000000000e+00
6.5000000000000000e+00 -8.0000000000000000e+00
6.7500000000000000e+00 -8.0000000000000000e+00
7.0000000000000000e+00 -8.0000000000000000e+00
7.2500000000000000e+00 -8.0000000000000000e+00
7.5000000000000000e+00 -8.0000000000000000e+00
7.7500000000000000e+00 -8.0000000000000000e+00
8.0000000000000000e+00 -8.0000000000000000e+00
8.2500000000000000e+00 -8.0000000000000000e+00
8.5000000000000000e+00 -8.0000000000000000e+00
8.7500000000000000e+00 -8.0000000000000000e+00
9.0000000000000000e+00 -8.0000000000000000e+00
9.2500000000000000e+00 -8.0000000000000000e+00
9.5000000000000000e+00 -8.0000000000000000e+00
9.7500000000000000e+00 -8.0000000000000000e+00
1.0000000000000000e+01 -8.0000000000000000e+00
1.0250000000000000e+01 -8.0000000000000000e+00
1.0500000000000000e+01 -8.0000000000000000e+00
1.0750000000000000e+01 -8.0000000000000000e+00
1.1000000000000000e+01 -8.0000000000000000e+00
1.1250000000000000e+01 -8.0000000000000000e+00
1.1500000000000000e+01 -8.0000000000000000e+00
1.1750000000000000e+01 -8.0000000000000000e+00
1.2000000000000000e+01 -8.0000000000000000e+00
1.2250000000000000e+01 -8.0000000000000000e+00
1.2500000000000000e+01 -8.0000000000000000e+00
1.2750000000000000e+01 -8.0000000000000000e+00
1.3000000000000000e+01 -8.0000000000000000e+00
1.3250000000000000e+01 -8.0000000000000000e+00
1.3500000000000000e+01 -8.0000000000000000e+00
1.3750000000000000e+01 -8.0000000000000000e+00
4.0000000000000000e+00 2.5000000000000000e-01
4.0000000000000000e+00 5.0000000000000000e-01
4.0000000000000000e+00 7.5000000000000000e-01
4.0000000000000000e+00 1.0000000000000000e+00
4.0000000000000000e+00 1.2500000000000000e+00
4.0000000000000000e+00 1.5000000000000000e+00
4.0000000000000000e+00 1.7500000000000000e+00
4.0000000000000000e+00 2.0000000000000000e+00
4.0000000000000000e+00 2.2500000000000000e+00
4.0000000000000000e+00 2.5000000000000000e+00
4.0000000000000000e+00 2.7500000000000000e+00
4.0000000000000000e+00 3.0000000000000000e+00
4.0000000000000000e+00 3.2500000000000000e+00
4.0000000000000000e+00 3.5000000000000000e+00
4.0000000000000000e+00 3.7500000000000000e+00
4.0000000000000000e+00 4.0000000000000000e+00
4.0000000000000000e+00 4.2500000000000000e+00
4.0000000000000000e+00 4.5000000000000000e+00
4.0000000000000000e+00 4.7500000000000000e+00
4.0000000000000000e+00 5.0000000000000000e+00
4.0000000000000000e+00 5.2500000000000000e+00
4.0000000000000000e+00 5.5000000000000000e+00
4.0000000000000000e+00 5.7500000000000000e+00
4.0000000000000000e+00 6.0000000000000000e+00
4.0000000000000000e+00 6.2500000000000000e+00
4.0000000000000000e+00 6.5000000000000000e+00
4.0000000000000000e+00 6.7500000000000000e+00
4.0000000000000000e+00 7.0000000000000000e+00
4.0000000000000000e+00 7.2500000000000000e+00
4.0000000000000000e+00 7.5000000000000000e+00
4.0000000000000000e+00 7.7500000000000000e+00
4.0000000000000000e+00 8.0000000000000000e+00
4.0000000000000000e+00 8.2500000000000000e+00
4.0000000000000000e+00 8.5000000000000000e+00
4.0000000000000000e+00 8.7500000000000000e+00
4.0000000000000000e+00 9.0000000000000000e+00
4.0000000000000000e+00 9.2500000000000000e+00
4.0000000000000000e+00 9.5000000000000000e+00
4.0000000000000000e+00 -2.5000000000000000e-01
4.0000000000000000e+00 -5.0000000000000000e-01
4.0000000000000000e+00 -7.5000000000000000e-01
4.0000000000000000e+00 -1.0000000000000000e+00
4.0000000000000000e+00 -1.2500000000000000e+00
4.0000000000000000e+00 -1.5000000000000000e+00
4.0000000000000000e+00 -1.7500000000000000e+00
4.0000000000000000e+00 -2.0000000000000000e+00
4.0000000000000000e+00 -2.2500000000000000e+00
4.0000000000000000e+00 -2.5000000000000000e+00
4.0000000000000000e+00 -2.7500000000000000e+00
4.0000000000000000e+00 -3.0000000000000000e+00
4.0000000000000000e+00 -3.2500000000000000e+00
4.0000000000000000e+00 -3.5000000000000000e+00
4.0000000000000000e+00 -3.7500000000000000e+00
4.0000000000000000e+00 -4.0000000000000000e+00
4.0000000000000000e+00 -4.2500000000000000e+00
4.0000000000000000e+00 -4.5000000000000000e+00
4.0000000000000000e+00 -4.7500000000000000e+00
4.0000000000000000e+00 -5.0000000000000000e+00
4.0000000000000000e+00 -5.2500000000000000e+00
4.0000000000000000e+00 -5.5000000000000000e+00
4.0000000000000000e+00 -5.7500000000000000e+00
4.0000000000000000e+00 -6.0000000000000000e+00
4.0000000000000000e+00 -6.2500000000000000e+00
4.0000000000000000e+00 -6.5000000000000000e+00
4.0000000000000000e+00 -6.7500000000000000e+00
4.0000000000000000e+00 -7.0000000000000000e+00
4.0000000000000000e+00 -7.2500000000000000e+00
4.0000000000000000e+00 -7.5000000000000000e+00
4.0000000000000000e+00 -7.7500000000000000e+00
4.0000000000000000e+00 -8.0000000000000000e+00
4.0000000000000000e+00 -8.2500000000000000e+00
4.0000000000000000e+00 -8.5000000000000000e+00
4.0000000000000000e+00 -8.7500000000000000e+00
4.0000000000000000e+00 -9.0000000000000000e+00
4.0000000000000000e+00 -9.2500000000000000e+00
4.0000000000000000e+00 -9.5000000000000000e+00
4.0000000000000000e+00 -9.7500000000000000e+00
4.0000000000000000e+00 -1.0000000000000000e+01
2.5000000000000000e-01 4.0000000000000000e+00
5.0000000000000000e-01 4.0000000000000000e+00
7.5000000000000000e-01 4.0000000000000000e+00
1.0000000000000000e+00 4.0000000000000000e+00
1.2500000000000000e+00 4.0000000000000000e+00
1.5000000000000000e+00 4.0000000000000000e+00
1.7500000000000000e+00 4.0000000000000000e+00
2.0000000000000000e+00 4.0000000000000000e+00
2.2500000000000000e+00 4.0000000000000000e+00
2.5000000000000000e+00 4.0000000000000000e+00
3.5000000000000000e+00 8.0000000000000000e+00
3.2500000000000000e+00 8.0000000000000000e+00
3.0000000000000000e+00 8.0000000000000000e+00
2.7500000000000000e+00 8.0000000000000000e+00
2.5000000000000000e+00 8.0000000000000000e+00
2.2500000000000000e+00 8.0000000000000000e+00
2.0000000000000000e+00 8.0000000000000000e+00
1.7500000000000000e+00 8.0000000000000000e+00
1.5000000000000000e+00 8.0000000000000000e+00
1.2500000000000000e+00 8.0000000000000000e+00
1.0000000000000000e+00 8.0000000000000000e+00
8.0000000000000000e+00 2.5000000000000000e-01
8.0000000000000000e+00 5.0000000000000000e-01
8.0000000000000000e+00 7.5000000000000000e-01
8.0000000000000000e+00 1.0000000000000000e+00
8.0000000000000000e+00 1.2500000000000000e+00
8.0000000000000000e+00 1.5000000000000000e+00
8.0000000000000000e+00 1.7500000000000000e+00
8.0000000000000000e+00 2.0000000000000000e+00
8.0000000000000000e+00 2.2500000000000000e+00
8.0000000000000000e+00 2.5000000000000000e+00
8.0000000000000000e+00 2.7500000000000000e+00
8.0000000000000000e+00 3.0000000000000000e+00
8.0000000000000000e+00 3.2500000000000000e+00
8.0000000000000000e+00 3.5000000000000000e+00
8.0000000000000000e+00 3.7500000000000000e+00
8.0000000000000000e+00 4.0000000000000000e+00
8.0000000000000000e+00 4.2500000000000000e+00
8.0000000000000000e+00 4.5000000000000000e+00
8.0000000000000000e+00 4.7500000000000000e+00
8.0000000000000000e+00 5.0000000000000000e+00
8.0000000000000000e+00 5.2500000000000000e+00
8.0000000000000000e+00 5.5000000000000000e+00
8.0000000000000000e+00 5.7500000000000000e+00
8.0000000000000000e+00 6.0000000000000000e+00
8.0000000000000000e+00 6.2500000000000000e+00
8.0000000000000000e+00 6.5000000000000000e+00
8.0000000000000000e+00 6.7500000000000000e+00
8.0000000000000000e+00 7.0000000000000000e+00
8.0000000000000000e+00 7.2500000000000000e+00
8.0000000000000000e+00 7.5000000000000000e+00
8.0000000000000000e+00 7.7500000000000000e+00
8.0000000000000000e+00 8.0000000000000000e+00
8.0000000000000000e+00 8.2500000000000000e+00
8.0000000000000000e+00 8.5000000000000000e+00
8.0000000000000000e+00 8.7500000000000000e+00
8.0000000000000000e+00 9.0000000000000000e+00
8.0000000000000000e+00 9.2500000000000000e+00
8.0000000000000000e+00 9.5000000000000000e+00
8.0000000000000000e+00 9.7500000000000000e+00
8.0000000000000000e+00 1.0000000000000000e+01
8.0000000000000000e+00 1.0250000000000000e+01
8.0000000000000000e+00 1.0500000000000000e+01
8.0000000000000000e+00 1.0750000000000000e+01
8.0000000000000000e+00 1.1000000000000000e+01
8.0000000000000000e+00 1.1250000000000000e+01
8.0000000000000000e+00 1.1500000000000000e+01
8.0000000000000000e+00 1.1750000000000000e+01
8.0000000000000000e+00 1.2000000000000000e+01
8.0000000000000000e+00 1.2250000000000000e+01
8.0000000000000000e+00 1.2500000000000000e+01
5.0000000000000000e+00 1.1000000000000000e+01
5.2500000000000000e+00 1.1000000000000000e+01
5.5000000000000000e+00 1.1000000000000000e+01
5.7500000000000000e+00 1.1000000000000000e+01
6.0000000000000000e+00 1.1000000000000000e+01
6.2500000000000000e+00 1.1000000000000000e+01
6.5000000000000000e+00 1.1000000000000000e+01
6.7500000000000000e+00 1.1000000000000000e+01
7.0000000000000000e+00 1.1000000000000000e+01
7.2500000000000000e+00 1.1000000000000000e+01
7.5000000000000000e+00 1.1000000000000000e+01
7.7500000000000000e+00 1.1000000000000000e+01
7.7500000000000000e+00 3.0000000000000000e+00
7.5000000000000000e+00 3.0000000000000000e+00
7.2500000000000000e+00 3.0000000000000000e+00
7.0000000000000000e+00 3.0000000000000000e+00
6.7500000000000000e+00 3.0000000000000000e+00
6.5000000000000000e+00 3.0000000000000000e+00
6.2500000000000000e+00 3.0000000000000000e+00
6.0000000000000000e+00 3.0000000000000000e+00
5.7500000000000000e+00 3.0000000000000000e+00
5.5000000000000000e+00 3.0000000000000000e+00
5.2500000000000000e+00 3.0000000000000000e+00
5.0000000000000000e+00 3.0000000000000000e+00
4.2500000000000000e+00 6.0000000000000000e+00
4.5000000000000000e+00 6.0000000000000000e+00
4.7500000000000000e+00 6.0000000000000000e+00
5.0000000000000000e+00 6.0000000000000000e+00
5.2500000000000000e+00 6.0000000000000000e+00
5.5000000000000000e+00 6.0000000000000000e+00
5.7500000000000000e+00 6.0000000000000000e+00
6.0000000000000000e+00 6.0000000000000000e+00
1.1000000000000000e+01 2.5000000000000000e-01
1.1000000000000000e+01 5.0000000000000000e-01
1.1000000000000000e+01 7.5000000000000000e-01
1.1000000000000000e+01 1.0000000000000000e+00
1.1000000000000000e+01 1.2500000000000000e+00
1.1000000000000000e+01 1.5000000000000000e+00
1.1000000000000000e+01 1.7500000000000000e+00
1.1000000000000000e+01 2.0000000000000000e+00
1.1000000000000000e+01 2.2500000000000000e+00
1.1000000000000000e+01 2.5000000000000000e+00
1.1000000000000000e+01 2.7500000000000000e+00
1.1000000000000000e+01 4.0000000000000000e+00
1.1000000000000000e+01 4.2500000000000000e+00
1.1000000000000000e+01 4.5000000000000000e+00
1.1000000000000000e+01 4.7500000000000000e+00
1.1000000000000000e+01 5.0000000000000000e+00
1.1000000000000000e+01 5.2500000000000000e+00
1.1000000000000000e+01 5.5000000000000000e+00
1.1000000000000000e+01 5.7500000000000000e+00
1.1000000000000000e+01 6.0000000000000000e+00
1.1000000000000000e+01 6.2500000000000000e+00
1.1000000000000000e+01 6.5000000000000000e+00
1.1000000000000000e+01 6.7500000000000000e+00
1.1000000000000000e+01 7.0000000000000000e+00
1.1000000000000000e+01 7.2500000000000000e+00
1.1000000000000000e+01 7.5000000000000000e+00
6.0000000000000000e+00 -2.5000000000000000e-01
6.0000000000000000e+00 -5.0000000000000000e-01
6.0000000000000000e+00 -7.5000000000000000e-01
6.0000000000000000e+00 -1.0000000000000000e+00
6.0000000000000000e+00 -1.2500000000000000e+00
6.0000000000000000e+00 -1.5000000000000000e+00
6.0000000000000000e+00 -1.7500000000000000e+00
6.0000000000000000e+00 -2.0000000000000000e+00
6.0000000000000000e+00 -2.2500000000000000e+00
6.0000000000000000e+00 -2.5000000000000000e+00
6.0000000000000000e+00 -2.7500000000000000e+00
6.0000000000000000e+00 -3.0000000000000000e+00
6.0000000000000000e+00 -3.2500000000000000e+00
6.0000000000000000e+00 -3.5000000000000000e+00
6.0000000000000000e+00 -3.7500000000000000e+00
6.0000000000000000e+00 -4.0000000000000000e+00
6.0000000000000000e+00 -4.2500000000000000e+00
6.0000000000000000e+00 -4.5000000000000000e+00
6.0000000000000000e+00 -4.7500000000000000e+00
6.0000000000000000e+00 -5.0000000000000000e+00
6.0000000000000000e+00 -5.2500000000000000e+00
6.0000000000000000e+00 -5.5000000000000000e+00
6.0000000000000000e+00 -5.7500000000000000e+00
6.0000000000000000e+00 -6.0000000000000000e+00
6.0000000000000000e+00 -6.2500000000000000e+00
6.0000000000000000e+00 -6.5000000000000000e+00
6.0000000000000000e+00 -6.7500000000000000e+00
6.0000000000000000e+00 -7.0000000000000000e+00
6.0000000000000000e+00 -7.2500000000000000e+00
6.0000000000000000e+00 -7.5000000000000000e+00
1.2000000000000000e+01 -2.5000000000000000e-01
1.2000000000000000e+01 -5.0000000000000000e-01
1.2000000000000000e+01 -7.5000000000000000e-01
1.2000000000000000e+01 -1.0000000000000000e+00
1.2000000000000000e+01 -1.2500000000000000e+00
1.2000000000000000e+01 -1.5000000000000000e+00
1.2000000000000000e+01 -1.7500000000000000e+00
1.2000000000000000e+01 -2.0000000000000000e+00
1.2000000000000000e+01 -2.2500000000000000e+00
1.2000000000000000e+01 -2.5000000000000000e+00
1.2000000000000000e+01 -2.7500000000000000e+00
1.2000000000000000e+01 -3.0000000000000000e+00
1.2000000000000000e+01 -3.2500000000000000e+00
1.2000000000000000e+01 -3.5000000000000000e+00
1.2000000000000000e+01 -3.7500000000000000e+00
1.2000000000000000e+01 -4.0000000000000000e+00
1.2000000000000000e+01 -4.2500000000000000e+00
1.2000000000000000e+01 -4.5000000000000000e+00
1.2000000000000000e+01 -4.7500000000000000e+00
1.2000000000000000e+01 -5.0000000000000000e+00
1.2000000000000000e+01 -5.2500000000000000e+00
1.2000000000000000e+01 -5.5000000000000000e+00
1.2000000000000000e+01 -5.7500000000000000e+00
1.2000000000000000e+01 -6.0000000000000000e+00
1.2000000000000000e+01 -6.2500000000000000e+00
1.2000000000000000e+01 -6.5000000000000000e+00
1.2000000000000000e+01 -6.7500000000000000e+00
1.2000000000000000e+01 -7.0000000000000000e+00
1.2000000000000000e+01 -7.2500000000000000e+00
1.2000000000000000e+01 -7.5000000000000000e+00
1.4750000000000000e+01 8.0000000000000000e+00
1.4500000000000000e+01 8.0000000000000000e+00
1.4250000000000000e+01 8.0000000000000000e+00
1.4000000000000000e+01 8.0000000000000000e+00
1.3750000000000000e+01 8.0000000000000000e+00
1.3500000000000000e+01 8.0000000000000000e+00
1.3250000000000000e+01 8.0000000000000000e+00
1.3000000000000000e+01 8.0000000000000000e+00
1.2750000000000000e+01 8.0000000000000000e+00
1.2500000000000000e+01 8.0000000000000000e+00
1.2250000000000000e+01 8.0000000000000000e+00
1.2000000000000000e+01 8.0000000000000000e+00
1.1250000000000000e+01 8.0000000000000000e+00
1.1500000000000000e+01 8.0000000000000000e+00
1.1750000000000000e+01 8.0000000000000000e+00
1.1000000000000000e+01 8.0000000000000000e+00
1.1000000000000000e+01 0.0000000000000000e+00
1.1250000000000000e+01 0.0000000000000000e+00
1.1500000000000000e+01 0.0000000000000000e+00
1.1750000000000000e+01 0.0000000000000000e+00
1.2000000000000000e+01 0.0000000000000000e+00
1.2000000000000000e+01 -7.2500000000000000e+00
1.2000000000000000e+01 -7.5000000000000000e+00
1.2000000000000000e+01 -7.7500000000000000e+00
0.0000000000000000e+00 1.5000000000000000e+01
0.0000000000000000e+00 1.5000000000000000e+01
0.0000000000000000e+00 1.5000000000000000e+01
0.0000000000000000e+00 1.4750000000000000e+01
0.0000000000000000e+00 1.4750000000000000e+01
0.0000000000000000e+00 1.4500000000000000e+01
0.0000000000000000e+00 1.4500000000000000e+01
0.0000000000000000e+00 1.4250000000000000e+01
0.0000000000000000e+00 1.4250000000000000e+01
0.0000000000000000e+00 1.4000000000000000e+01
0.0000000000000000e+00 1.4000000000000000e+01
0.0000000000000000e+00 1.3750000000000000e+01
0.0000000000000000e+00 1.3750000000000000e+01
0.0000000000000000e+00 1.3500000000000000e+01
0.0000000000000000e+00 1.3500000000000000e+01
0.0000000000000000e+00 1.3250000000000000e+01
0.0000000000000000e+00 1.3250000000000000e+01
0.0000000000000000e+00 1.3000000000000000e+01
0.0000000000000000e+00 1.3000000000000000e+01
0.0000000000000000e+00 1.2750000000000000e+01
0.0000000000000000e+00 1.2750000000000000e+01
0.0000000000000000e+00 1.2500000000000000e+01
0.0000000000000000e+00 1.2500000000000000e+01
0.0000000000000000e+00 1.2250000000000000e+01
0.0000000000000000e+00 1.2250000000000000e+01
0.0000000000000000e+00 1.2000000000000000e+01
0.0000000000000000e+00 1.2000000000000000e+01
0.0000000000000000e+00 1.1750000000000000e+01
0.0000000000000000e+00 1.1750000000000000e+01
0.0000000000000000e+00 1.1500000000000000e+01
0.0000000000000000e+00 1.1500000000000000e+01
0.0000000000000000e+00 1.1250000000000000e+01
0.0000000000000000e+00 1.1250000000000000e+01
0.0000000000000000e+00 1.1000000000000000e+01
0.0000000000000000e+00 1.1000000000000000e+01
0.0000000000000000e+00 1.0750000000000000e+01
0.0000000000000000e+00 1.0750000000000000e+01
0.0000000000000000e+00 1.0500000000000000e+01
0.0000000000000000e+00 1.0500000000000000e+01
0.0000000000000000e+00 1.0250000000000000e+01
0.0000000000000000e+00 1.0250000000000000e+01
0.0000000000000000e+00 1.0000000000000000e+01
0.0000000000000000e+00 1.0000000000000000e+01
0.0000000000000000e+00 9.7500000000000000e+00
0.0000000000000000e+00 9.7500000000000000e+00
0.0000000000000000e+00 9.5000000000000000e+00
0.0000000000000000e+00 9.5000000000000000e+00
0.0000000000000000e+00 9.2500000000000000e+00
0.0000000000000000e+00 9.2500000000000000e+00
0.0000000000000000e+00 9.0000000000000000e+00
0.0000000000000000e+00 9.0000000000000000e+00
0.0000000000000000e+00 8.7500000000000000e+00
0.0000000000000000e+00 8.7500000000000000e+00
0.0000000000000000e+00 8.5000000000000000e+00
0.0000000000000000e+00 8.5000000000000000e+00
0.0000000000000000e+00 8.2500000000000000e+00
0.0000000000000000e+00 8.2500000000000000e+00
0.0000000000000000e+00 8.0000000000000000e+00
0.0000000000000000e+00 8.0000000000000000e+00
0.0000000000000000e+00 7.7500000000000000e+00
0.0000000000000000e+00 7.7500000000000000e+00
0.0000000000000000e+00 7.5000000000000000e+00
0.0000000000000000e+00 7.5000000000000000e+00
0.0000000000000000e+00 7.2500000000000000e+00
0.0000000000000000e+00 7.2500000000000000e+00
0.0000000000000000e+00 7.0000000000000000e+00
0.0000000000000000e+00 7.0000000000000000e+00
0.0000000000000000e+00 6.7500000000000000e+00
0.0000000000000000e+00 6.7500000000000000e+00
0.0000000000000000e+00 6.5000000000000000e+00
0.0000000000000000e+00 6.5000000000000000e+00
0.0000000000000000e+00 6.2500000000000000e+00
0.0000000000000000e+00 6.2500000000000000e+00
0.0000000000000000e+00 6.0000000000000000e+00
0.0000000000000000e+00 6.0000000000000000e+00
0.0000000000000000e+00 5.7500000000000000e+00
0.0000000000000000e+00 5.7500000000000000e+00
0.0000000000000000e+00 5.5000000000000000e+00
0.0000000000000000e+00 5.5000000000000000e+00
0.0000000000000000e+00 5.2500000000000000e+00
0.0000000000000000e+00 5.2500000000000000e+00
0.0000000000000000e+00 5.0000000000000000e+00
0.0000000000000000e+00 5.0000000000000000e+00
0.0000000000000000e+00 4.7500000000000000e+00
0.0000000000000000e+00 4.7500000000000000e+00
0.0000000000000000e+00 4.5000000000000000e+00
0.0000000000000000e+00 4.5000000000000000e+00
0.0000000000000000e+00 4.2500000000000000e+00
0.0000000000000000e+00 4.2500000000000000e+00
0.0000000000000000e+00 4.0000000000000000e+00
0.0000000000000000e+00 4.0000000000000000e+00
0.0000000000000000e+00 3.7500000000000000e+00
0.0000000000000000e+00 3.7500000000000000e+00
0.0000000000000000e+00 3.5000000000000000e+00
0.0000000000000000e+00 3.5000000000000000e+00
0.0000000000000000e+00 3.2500000000000000e+00
0.0000000000000000e+00 3.2500000000000000e+00
0.0000000000000000e+00 3.0000000000000000e+00
0.0000000000000000e+00 3.0000000000000000e+00
0.0000000000000000e+00 2.7500000000000000e+00
0.0000000000000000e+00 2.7500000000000000e+00
0.0000000000000000e+00 2.5000000000000000e+00
0.0000000000000000e+00 2.5000000000000000e+00
0.0000000000000000e+00 2.2500000000000000e+00
0.0000000000000000e+00 2.2500000000000000e+00
0.0000000000000000e+00 2.0000000000000000e+00
0.0000000000000000e+00 2.0000000000000000e+00
0.0000000000000000e+00 1.7500000000000000e+00
0.0000000000000000e+00 1.7500000000000000e+00
0.0000000000000000e+00 1.5000000000000000e+00
0.0000000000000000e+00 1.5000000000000000e+00
0.0000000000000000e+00 1.2500000000000000e+00
0.0000000000000000e+00 1.2500000000000000e+00
0.0000000000000000e+00 1.0000000000000000e+00
0.0000000000000000e+00 1.0000000000000000e+00
0.0000000000000000e+00 7.5000000000000000e-01
0.0000000000000000e+00 7.5000000000000000e-01
0.0000000000000000e+00 5.0000000000000000e-01
0.0000000000000000e+00 5.0000000000000000e-01
0.0000000000000000e+00 -1.4750000000000000e+01
0.0000000000000000e+00 -1.4500000000000000e+01
0.0000000000000000e+00 -1.4250000000000000e+01
0.0000000000000000e+00 -1.4000000000000000e+01
0.0000000000000000e+00 -1.3750000000000000e+01
0.0000000000000000e+00 -1.3500000000000000e+01
0.0000000000000000e+00 -1.3250000000000000e+01
0.0000000000000000e+00 -1.3000000000000000e+01
0.0000000000000000e+00 -1.2750000000000000e+01
0.0000000000000000e+00 -1.2500000000000000e+01
0.0000000000000000e+00 -1.2250000000000000e+01
0.0000000000000000e+00 -1.2000000000000000e+01
0.0000000000000000e+00 -1.1750000000000000e+01
0.0000000000000000e+00 -1.1500000000000000e+01
0.0000000000000000e+00 -1.1250000000000000e+01
0.0000000000000000e+00 -1.1000000000000000e+01
0.0000000000000000e+00 -1.0750000000000000e+01
0.0000000000000000e+00 -1.0500000000000000e+01
0.0000000000000000e+00 -1.0250000000000000e+01
0.0000000000000000e+00 -1.0000000000000000e+01
0.0000000000000000e+00 -9.7500000000000000e+00
0.0000000000000000e+00 -9.5000000000000000e+00
0.0000000000000000e+00 -9.2500000000000000e+00
0.0000000000000000e+00 -9.0000000000000000e+00
0.0000000000000000e+00 -8.7500000000000000e+00
0.0000000000000000e+00 -8.5000000000000000e+00
0.0000000000000000e+00 -8.2500000000000000e+00
0.0000000000000000e+00 -8.0000000000000000e+00
0.0000000000000000e+00 -7.7500000000000000e+00
0.0000000000000000e+00 -7.5000000000000000e+00
0.0000000000000000e+00 -7.2500000000000000e+00
0.0000000000000000e+00 -7.0000000000000000e+00
0.0000000000000000e+00 -6.7500000000000000e+00
0.0000000000000000e+00 -6.5000000000000000e+00
0.0000000000000000e+00 -6.2500000000000000e+00
0.0000000000000000e+00 -6.0000000000000000e+00
0.0000000000000000e+00 -5.7500000000000000e+00
0.0000000000000000e+00 -5.5000000000000000e+00
0.0000000000000000e+00 -5.2500000000000000e+00
0.0000000000000000e+00 -5.0000000000000000e+00
0.0000000000000000e+00 -4.7500000000000000e+00
0.0000000000000000e+00 -4.5000000000000000e+00
0.0000000000000000e+00 -4.2500000000000000e+00
0.0000000000000000e+00 -4.0000000000000000e+00
0.0000000000000000e+00 -3.7500000000000000e+00
0.0000000000000000e+00 -3.5000000000000000e+00
0.0000000000000000e+00 -3.2500000000000000e+00
0.0000000000000000e+00 -3.0000000000000000e+00
0.0000000000000000e+00 -2.7500000000000000e+00
0.0000000000000000e+00 -2.5000000000000000e+00
0.0000000000000000e+00 -2.2500000000000000e+00
0.0000000000000000e+00 -2.0000000000000000e+00
0.0000000000000000e+00 -1.7500000000000000e+00
0.0000000000000000e+00 -1.5000000000000000e+00
0.0000000000000000e+00 -1.2500000000000000e+00
0.0000000000000000e+00 -1.0000000000000000e+00
0.0000000000000000e+00 -7.5000000000000000e-01
0.0000000000000000e+00 -5.0000000000000000e-01
4.6999998092651367e+00 -8.0000000000000000e+00
4.9000000953674316e+00 -8.0000000000000000e+00
5.1999998092651367e+00 -8.0000000000000000e+00
5.4499998092651367e+00 -8.0000000000000000e+00
5.6999998092651367e+00 -8.0000000000000000e+00
5.9000000953674316e+00 -8.0000000000000000e+00
1.4000000000000000e+01 -8.0000000000000000e+00
1.4250000000000000e+01 -8.0000000000000000e+00
1.4500000000000000e+01 -8.0000000000000000e+00
1.4750000000000000e+01 -8.0000000000000000e+00
1.5000000000000000e+01 -8.0000000000000000e+00
1.5000000000000000e+01 -8.0000000000000000e+00
1.5000000000000000e+01 0.10
1.5000000000000000e+01 -0.10
