4.2 9.0
5.4 8.6
5.2 8.0
4.4 8.2
5.4 7.4
6.0 8.0
6.4 7.4
6.4 6.800000000000001
6.2 6.6
8.2 5.800000000000001
7.6 5.6
8.6 7.199999999999999
7.4 7.199999999999999
6.4 7.199999999999999
9.0 6.800000000000001
9.0 6.199999999999999
8.8 5.199999999999999
10.8 6.4
10.4 7.800000000000001
8.8 8.2
6.4 8.8
6.6 10.0
6.0 10.2
5.6 10.2
8.0 9.8
12.4 9.4
12.4 8.2
11.8 7.4
10.0 7.199999999999999
10.0 9.2
7.6 8.0
6.6 9.4
5.0 9.6
14.0 11.0
14.2 8.4
13.4 6.6
11.6 8.4
11.0 8.8
11.6 10.0
8.0 11.4
7.2 12.2
8.8 10.6
10.6 9.4
9.2 9.6
10.4 10.6
9.4 7.199999999999999
6.8 8.2
9.4 12.6
12.0 11.0
13.0 9.4
10.6 11.2
7.4 10.8
6.6 11.4
11.4 12.6
8.6 9.0
12.6 11.6
12.2 12.0
13.4 7.800000000000001
11.6 6.4
4.0 8.8
4.4 8.4
5.2 7.4
4.2 9.0
4.2 9.0
