13 -5
12.5385 -4.80769
12.3481 -4.34535
12.5269 -3.87842
12.6863 -3.40452
12.4458 -2.96619
12.5712 -2.48218
12.6761 -1.9933
12.3871 -1.58529
12.456 -1.09007
12.5034 -0.592317
12.5291 -0.0929792
12.5331 0.407005
12.1673 0.747869
11.7909 1.07701
11.404 1.3937
11.3376 1.88927
11.6219 2.30063
11.516 2.7893
11.3878 3.27259
10.9444 3.50356
10.4934 3.71954
10.0279 3.53714
9.56972 3.73735
9.11141 3.53748
8.6531 3.3376
8.58644 2.67282
8.75259 2.20124
8.88915 1.72025
8.99568 1.23173
9.0718 0.737558
8.75189 0.3533
8.41738 -0.123267
7.91745 -0.114959
7.41752 -0.106651
6.91758 -0.0983423
6.41765 -0.0900342
6.07002 0.269345
5.69821 0.603645
5.30249 0.90926
4.88347 1.18207
4.73787 1.6604
4.53489 2.11735
4.65652 2.60233
4.3666 3.00969
4.39455 3.50891
4.38626 4.00884
4.70891 4.39081
5.03156 4.77278
5.5298 4.81472
6.02956 4.82996
6.52946 4.81984
7.02829 4.78564
7.41989 5.09652
7.47697 5.59325
7.51348 6.09191
7.5302 6.59163
7.17499 6.94353
6.80137 7.2758
6.41043 7.58752
6.00333 7.87781
5.89443 8.3658
5.7678 8.8495
5.62424 9.32845
5.17626 9.55052
4.71814 9.75084
4.25096 9.92899
3.77578 10.0846
3.34108 9.83752
3.22532 9.35111
2.79952 9.08901
2.38404 8.81086
1.9799 8.51645
1.48318 8.5736
0.983969 8.60174
0.631075 8.24752
0.653419 7.74802
0.675762 7.24852
0.698106 6.74902
0.720449 6.24952
0.742792 5.75002
0.765136 5.25052
0.787479 4.75102
1.15648 4.41362
1.65616 4.3959
2.05804 4.69339
2.5458 4.58343
3.01958 4.42364
3.19437 3.95519
2.9518 3.51797
2.70922 3.08075
2.46665 2.64354
2.22408 2.20632
1.98151 1.7691
1.73894 1.33188
1.49637 0.894667
1.2538 0.457449
