2.8776979446411133e-01 1.9856115341186523e+01
2.8776979446411133e-01 1.9568344116210938e+01
2.8776979446411133e-01 1.9280576705932617e+01
2.8776979446411133e-01 1.8992805480957031e+01
2.8776979446411133e-01 1.8705036163330078e+01
2.8776979446411133e-01 1.8417266845703125e+01
2.8776979446411133e-01 1.8129495620727539e+01
2.8776979446411133e-01 1.7841726303100586e+01
2.8776979446411133e-01 1.7553956985473633e+01
2.8776979446411133e-01 1.7266187667846680e+01
2.8776979446411133e-01 1.6978416442871094e+01
2.8776979446411133e-01 1.6690647125244141e+01
2.8776979446411133e-01 1.6402877807617188e+01
2.8776979446411133e-01 1.6115108489990234e+01
2.8776979446411133e-01 1.5827338218688965e+01
2.8776979446411133e-01 1.5539567947387695e+01
2.8776979446411133e-01 1.5251798629760742e+01
2.8776979446411133e-01 1.4964029312133789e+01
2.8776979446411133e-01 1.4676259040832520e+01
2.8776979446411133e-01 1.4388488769531250e+01
2.8776979446411133e-01 1.4100719451904297e+01
2.8776979446411133e-01 1.3812950134277344e+01
2.8776979446411133e-01 1.3525179862976074e+01
2.8776979446411133e-01 1.3237409591674805e+01
2.8776979446411133e-01 1.2949640274047852e+01
2.8776979446411133e-01 1.2661870956420898e+01
2.8776979446411133e-01 1.2374100685119629e+01
2.8776979446411133e-01 1.2086331367492676e+01
2.8776979446411133e-01 1.1798561096191406e+01
2.8776979446411133e-01 1.1510790824890137e+01
2.8776979446411133e-01 1.1223022460937500e+01
2.8776979446411133e-01 1.0935252189636230e+01
2.8776979446411133e-01 1.0647481918334961e+01
2.8776979446411133e-01 1.0359711647033691e+01
2.8776979446411133e-01 1.0071942329406738e+01
2.8776979446411133e-01 9.7841730117797852e+00
2.8776979446411133e-01 9.4964027404785156e+00
2.8776979446411133e-01 9.2086334228515625e+00
2.8776979446411133e-01 8.9208631515502930e+00
2.8776979446411133e-01 8.6330938339233398e+00
2.8776979446411133e-01 8.3453235626220703e+00
2.8776979446411133e-01 8.0575542449951172e+00
2.8776979446411133e-01 7.7697839736938477e+00
2.8776979446411133e-01 7.4820141792297363e+00
2.8776979446411133e-01 7.1942443847656250e+00
2.8776979446411133e-01 6.9064745903015137e+00
2.8776979446411133e-01 6.6187047958374023e+00
2.8776979446411133e-01 6.3309354782104492e+00
2.8776979446411133e-01 6.0431656837463379e+00
2.8776979446411133e-01 5.7553958892822266e+00
2.8776979446411133e-01 5.4676260948181152e+00
2.8776979446411133e-01 5.1798563003540039e+00
2.8776979446411133e-01 4.8920865058898926e+00
2.8776979446411133e-01 4.6043167114257812e+00
2.8776979446411133e-01 4.3165469169616699e+00
2.8776979446411133e-01 4.0287771224975586e+00
2.8776979446411133e-01 3.7410070896148682e+00
2.8776979446411133e-01 3.4532372951507568e+00
2.8776979446411133e-01 3.1654675006866455e+00
2.8776979446411133e-01 2.8776977062225342e+00
2.8776979446411133e-01 2.5899281501770020e+00
2.8776979446411133e-01 2.3021583557128906e+00
2.8776979446411133e-01 2.0143885612487793e+00
2.8776979446411133e-01 1.7266186475753784e+00
2.8776979446411133e-01 1.4388488531112671e+00
2.8776979446411133e-01 1.1510790586471558e+00
2.8776979446411133e-01 8.6330932378768921e-01
2.8776979446411133e-01 5.7553958892822266e-01
2.8776979446411133e-01 2.8776979446411133e-01
2.8776979446411133e-01 0.0000000000000000e+00
2.8776979446411133e-01 -2.8776979446411133e-01
2.8776979446411133e-01 -5.7553958892822266e-01
2.8776979446411133e-01 -8.6330932378768921e-01
2.8776979446411133e-01 -1.1510790586471558e+00
2.8776979446411133e-01 -1.4388488531112671e+00
2.8776979446411133e-01 -1.7266186475753784e+00
2.8776979446411133e-01 -2.0143885612487793e+00
2.8776979446411133e-01 -2.3021583557128906e+00
2.8776979446411133e-01 -2.5899281501770020e+00
2.8776979446411133e-01 -2.8776977062225342e+00
2.8776979446411133e-01 -3.1654675006866455e+00
2.8776979446411133e-01 -3.4532372951507568e+00
2.8776979446411133e-01 -3.7410070896148682e+00
2.8776979446411133e-01 -4.0287771224975586e+00
2.8776979446411133e-01 -4.3165469169616699e+00
2.8776979446411133e-01 -4.6043167114257812e+00
2.8776979446411133e-01 -4.8920865058898926e+00
2.8776979446411133e-01 -5.1798563003540039e+00
2.8776979446411133e-01 -5.4676260948181152e+00
2.8776979446411133e-01 -5.7553958892822266e+00
2.8776979446411133e-01 -6.0431656837463379e+00
2.8776979446411133e-01 -6.3309354782104492e+00
2.8776979446411133e-01 -6.6187047958374023e+00
2.8776979446411133e-01 -6.9064745903015137e+00
2.8776979446411133e-01 -7.1942443847656250e+00
2.8776979446411133e-01 -7.4820141792297363e+00
2.8776979446411133e-01 -7.7697839736938477e+00
2.8776979446411133e-01 -8.0575542449951172e+00
2.8776979446411133e-01 -8.3453235626220703e+00
2.8776979446411133e-01 -8.6330938339233398e+00
2.8776979446411133e-01 -8.9208631515502930e+00
2.8776979446411133e-01 -9.2086334228515625e+00
2.8776979446411133e-01 -9.4964027404785156e+00
2.8776979446411133e-01 -9.7841730117797852e+00
2.8776979446411133e-01 -1.0071942329406738e+01
2.8776979446411133e-01 -1.0359711647033691e+01
2.8776979446411133e-01 -1.0647481918334961e+01
2.8776979446411133e-01 -1.0935252189636230e+01
2.8776979446411133e-01 -1.1223022460937500e+01
2.8776979446411133e-01 -1.1510790824890137e+01
2.8776979446411133e-01 -1.1798561096191406e+01
2.8776979446411133e-01 -1.2086331367492676e+01
2.8776979446411133e-01 -1.2374100685119629e+01
2.8776979446411133e-01 -1.2661870956420898e+01
2.8776979446411133e-01 -1.2949640274047852e+01
2.8776979446411133e-01 -1.3237409591674805e+01
2.8776979446411133e-01 -1.3525179862976074e+01
5.7553958892822266e-01 1.9856115341186523e+01
5.7553958892822266e-01 9.7841730117797852e+00
5.7553958892822266e-01 9.4964027404785156e+00
5.7553958892822266e-01 5.1798563003540039e+00
5.7553958892822266e-01 4.8920865058898926e+00
5.7553958892822266e-01 -2.8776977062225342e+00
5.7553958892822266e-01 -3.1654675006866455e+00
5.7553958892822266e-01 -1.3237409591674805e+01
5.7553958892822266e-01 -1.3525179862976074e+01
8.6330932378768921e-01 1.9856115341186523e+01
8.6330932378768921e-01 9.7841730117797852e+00
8.6330932378768921e-01 9.4964027404785156e+00
8.6330932378768921e-01 5.1798563003540039e+00
8.6330932378768921e-01 4.8920865058898926e+00
8.6330932378768921e-01 -2.8776977062225342e+00
8.6330932378768921e-01 -3.1654675006866455e+00
8.6330932378768921e-01 -1.3237409591674805e+01
8.6330932378768921e-01 -1.3525179862976074e+01
1.1510790586471558e+00 1.9856115341186523e+01
1.1510790586471558e+00 9.7841730117797852e+00
1.1510790586471558e+00 9.4964027404785156e+00
1.1510790586471558e+00 5.1798563003540039e+00
1.1510790586471558e+00 4.8920865058898926e+00
1.1510790586471558e+00 -2.8776977062225342e+00
1.1510790586471558e+00 -3.1654675006866455e+00
1.1510790586471558e+00 -1.3237409591674805e+01
1.1510790586471558e+00 -1.3525179862976074e+01
1.4388488531112671e+00 1.9856115341186523e+01
1.4388488531112671e+00 5.1798563003540039e+00
1.4388488531112671e+00 4.8920865058898926e+00
1.4388488531112671e+00 -2.8776977062225342e+00
1.4388488531112671e+00 -3.1654675006866455e+00
1.4388488531112671e+00 -1.3237409591674805e+01
1.4388488531112671e+00 -1.3525179862976074e+01
1.7266186475753784e+00 1.9856115341186523e+01
1.7266186475753784e+00 5.1798563003540039e+00
1.7266186475753784e+00 4.8920865058898926e+00
1.7266186475753784e+00 -2.8776977062225342e+00
1.7266186475753784e+00 -3.1654675006866455e+00
1.7266186475753784e+00 -1.3237409591674805e+01
1.7266186475753784e+00 -1.3525179862976074e+01
2.0143885612487793e+00 1.9856115341186523e+01
2.0143885612487793e+00 5.1798563003540039e+00
2.0143885612487793e+00 4.8920865058898926e+00
2.0143885612487793e+00 -2.8776977062225342e+00
2.0143885612487793e+00 -3.1654675006866455e+00
2.0143885612487793e+00 -1.3237409591674805e+01
2.0143885612487793e+00 -1.3525179862976074e+01
2.3021583557128906e+00 1.9856115341186523e+01
2.3021583557128906e+00 5.1798563003540039e+00
2.3021583557128906e+00 4.8920865058898926e+00
2.3021583557128906e+00 -2.8776977062225342e+00
2.3021583557128906e+00 -3.1654675006866455e+00
2.3021583557128906e+00 -1.3237409591674805e+01
2.3021583557128906e+00 -1.3525179862976074e+01
2.5899281501770020e+00 1.9856115341186523e+01
2.5899281501770020e+00 9.7841730117797852e+00
2.5899281501770020e+00 9.4964027404785156e+00
2.5899281501770020e+00 5.1798563003540039e+00
2.5899281501770020e+00 4.8920865058898926e+00
2.5899281501770020e+00 -2.8776977062225342e+00
2.5899281501770020e+00 -3.1654675006866455e+00
2.5899281501770020e+00 -1.3237409591674805e+01
2.5899281501770020e+00 -1.3525179862976074e+01
2.8776977062225342e+00 1.9856115341186523e+01
2.8776977062225342e+00 9.7841730117797852e+00
2.8776977062225342e+00 9.4964027404785156e+00
2.8776977062225342e+00 5.1798563003540039e+00
2.8776977062225342e+00 4.8920865058898926e+00
2.8776977062225342e+00 -2.8776977062225342e+00
2.8776977062225342e+00 -3.1654675006866455e+00
2.8776977062225342e+00 -1.3237409591674805e+01
2.8776977062225342e+00 -1.3525179862976074e+01
3.1654675006866455e+00 1.9856115341186523e+01
3.1654675006866455e+00 9.7841730117797852e+00
3.1654675006866455e+00 9.4964027404785156e+00
3.1654675006866455e+00 5.1798563003540039e+00
3.1654675006866455e+00 4.8920865058898926e+00
3.1654675006866455e+00 -2.8776977062225342e+00
3.1654675006866455e+00 -3.1654675006866455e+00
3.1654675006866455e+00 -1.3237409591674805e+01
3.1654675006866455e+00 -1.3525179862976074e+01
3.4532372951507568e+00 1.9856115341186523e+01
3.4532372951507568e+00 9.7841730117797852e+00
3.4532372951507568e+00 9.4964027404785156e+00
3.4532372951507568e+00 5.1798563003540039e+00
3.4532372951507568e+00 4.8920865058898926e+00
3.4532372951507568e+00 -2.8776977062225342e+00
3.4532372951507568e+00 -3.1654675006866455e+00
3.4532372951507568e+00 -1.3237409591674805e+01
3.4532372951507568e+00 -1.3525179862976074e+01
3.7410070896148682e+00 1.9856115341186523e+01
3.7410070896148682e+00 9.7841730117797852e+00
3.7410070896148682e+00 9.4964027404785156e+00
3.7410070896148682e+00 5.1798563003540039e+00
3.7410070896148682e+00 4.8920865058898926e+00
3.7410070896148682e+00 -2.8776977062225342e+00
3.7410070896148682e+00 -3.1654675006866455e+00
3.7410070896148682e+00 -1.3237409591674805e+01
3.7410070896148682e+00 -1.3525179862976074e+01
4.0287771224975586e+00 1.9856115341186523e+01
4.0287771224975586e+00 9.7841730117797852e+00
4.0287771224975586e+00 9.4964027404785156e+00
4.0287771224975586e+00 9.2086334228515625e+00
4.0287771224975586e+00 8.9208631515502930e+00
4.0287771224975586e+00 8.6330938339233398e+00
4.0287771224975586e+00 8.3453235626220703e+00
4.0287771224975586e+00 8.0575542449951172e+00
4.0287771224975586e+00 7.7697839736938477e+00
4.0287771224975586e+00 7.4820141792297363e+00
4.0287771224975586e+00 7.1942443847656250e+00
4.0287771224975586e+00 6.9064745903015137e+00
4.0287771224975586e+00 6.6187047958374023e+00
4.0287771224975586e+00 6.3309354782104492e+00
4.0287771224975586e+00 6.0431656837463379e+00
4.0287771224975586e+00 5.7553958892822266e+00
4.0287771224975586e+00 5.4676260948181152e+00
4.0287771224975586e+00 5.1798563003540039e+00
4.0287771224975586e+00 4.8920865058898926e+00
4.0287771224975586e+00 -2.8776977062225342e+00
4.0287771224975586e+00 -3.1654675006866455e+00
4.0287771224975586e+00 -1.3237409591674805e+01
4.0287771224975586e+00 -1.3525179862976074e+01
4.3165469169616699e+00 1.9856115341186523e+01
4.3165469169616699e+00 9.7841730117797852e+00
4.3165469169616699e+00 9.4964027404785156e+00
4.3165469169616699e+00 9.2086334228515625e+00
4.3165469169616699e+00 8.9208631515502930e+00
4.3165469169616699e+00 8.6330938339233398e+00
4.3165469169616699e+00 8.3453235626220703e+00
4.3165469169616699e+00 8.0575542449951172e+00
4.3165469169616699e+00 7.7697839736938477e+00
4.3165469169616699e+00 7.4820141792297363e+00
4.3165469169616699e+00 7.1942443847656250e+00
4.3165469169616699e+00 6.9064745903015137e+00
4.3165469169616699e+00 6.6187047958374023e+00
4.3165469169616699e+00 6.3309354782104492e+00
4.3165469169616699e+00 6.0431656837463379e+00
4.3165469169616699e+00 5.7553958892822266e+00
4.3165469169616699e+00 5.4676260948181152e+00
4.3165469169616699e+00 5.1798563003540039e+00
4.3165469169616699e+00 4.8920865058898926e+00
4.3165469169616699e+00 -2.8776977062225342e+00
4.3165469169616699e+00 -3.1654675006866455e+00
4.3165469169616699e+00 -1.3237409591674805e+01
4.3165469169616699e+00 -1.3525179862976074e+01
4.6043167114257812e+00 1.9856115341186523e+01
4.6043167114257812e+00 9.7841730117797852e+00
4.6043167114257812e+00 5.1798563003540039e+00
4.6043167114257812e+00 4.8920865058898926e+00
4.6043167114257812e+00 -2.8776977062225342e+00
4.6043167114257812e+00 -3.1654675006866455e+00
4.6043167114257812e+00 -1.3237409591674805e+01
4.6043167114257812e+00 -1.3525179862976074e+01
4.8920865058898926e+00 1.9856115341186523e+01
4.8920865058898926e+00 5.1798563003540039e+00
4.8920865058898926e+00 4.8920865058898926e+00
4.8920865058898926e+00 4.6043167114257812e+00
4.8920865058898926e+00 4.3165469169616699e+00
4.8920865058898926e+00 4.0287771224975586e+00
4.8920865058898926e+00 3.7410070896148682e+00
4.8920865058898926e+00 3.4532372951507568e+00
4.8920865058898926e+00 3.1654675006866455e+00
4.8920865058898926e+00 2.8776977062225342e+00
4.8920865058898926e+00 2.5899281501770020e+00
4.8920865058898926e+00 2.3021583557128906e+00
4.8920865058898926e+00 2.0143885612487793e+00
4.8920865058898926e+00 1.7266186475753784e+00
4.8920865058898926e+00 1.4388488531112671e+00
4.8920865058898926e+00 1.1510790586471558e+00
4.8920865058898926e+00 8.6330932378768921e-01
4.8920865058898926e+00 5.7553958892822266e-01
4.8920865058898926e+00 2.8776979446411133e-01
4.8920865058898926e+00 0.0000000000000000e+00
4.8920865058898926e+00 -2.8776979446411133e-01
4.8920865058898926e+00 -5.7553958892822266e-01
4.8920865058898926e+00 -8.6330932378768921e-01
4.8920865058898926e+00 -2.5899281501770020e+00
4.8920865058898926e+00 -2.8776977062225342e+00
4.8920865058898926e+00 -3.1654675006866455e+00
4.8920865058898926e+00 -1.3237409591674805e+01
4.8920865058898926e+00 -1.3525179862976074e+01
5.1798563003540039e+00 1.9856115341186523e+01
5.1798563003540039e+00 5.1798563003540039e+00
5.1798563003540039e+00 4.8920865058898926e+00
5.1798563003540039e+00 4.6043167114257812e+00
5.1798563003540039e+00 4.3165469169616699e+00
5.1798563003540039e+00 4.0287771224975586e+00
5.1798563003540039e+00 3.7410070896148682e+00
5.1798563003540039e+00 3.4532372951507568e+00
5.1798563003540039e+00 3.1654675006866455e+00
5.1798563003540039e+00 2.8776977062225342e+00
5.1798563003540039e+00 2.5899281501770020e+00
5.1798563003540039e+00 2.3021583557128906e+00
5.1798563003540039e+00 2.0143885612487793e+00
5.1798563003540039e+00 1.7266186475753784e+00
5.1798563003540039e+00 1.4388488531112671e+00
5.1798563003540039e+00 1.1510790586471558e+00
5.1798563003540039e+00 8.6330932378768921e-01
5.1798563003540039e+00 5.7553958892822266e-01
5.1798563003540039e+00 2.8776979446411133e-01
5.1798563003540039e+00 0.0000000000000000e+00
5.1798563003540039e+00 -2.8776979446411133e-01
5.1798563003540039e+00 -5.7553958892822266e-01
5.1798563003540039e+00 -8.6330932378768921e-01
5.1798563003540039e+00 -2.5899281501770020e+00
5.1798563003540039e+00 -2.8776977062225342e+00
5.1798563003540039e+00 -3.1654675006866455e+00
5.1798563003540039e+00 -1.3237409591674805e+01
5.1798563003540039e+00 -1.3525179862976074e+01
5.4676260948181152e+00 1.9856115341186523e+01
5.4676260948181152e+00 5.1798563003540039e+00
5.4676260948181152e+00 4.8920865058898926e+00
5.4676260948181152e+00 5.7553958892822266e-01
5.4676260948181152e+00 2.8776979446411133e-01
5.4676260948181152e+00 -1.3237409591674805e+01
5.4676260948181152e+00 -1.3525179862976074e+01
5.7553958892822266e+00 1.9856115341186523e+01
5.7553958892822266e+00 9.7841730117797852e+00
5.7553958892822266e+00 9.4964027404785156e+00
5.7553958892822266e+00 5.1798563003540039e+00
5.7553958892822266e+00 4.8920865058898926e+00
5.7553958892822266e+00 5.7553958892822266e-01
5.7553958892822266e+00 2.8776979446411133e-01
5.7553958892822266e+00 -1.3237409591674805e+01
5.7553958892822266e+00 -1.3525179862976074e+01
6.0431656837463379e+00 1.9856115341186523e+01
6.0431656837463379e+00 9.7841730117797852e+00
6.0431656837463379e+00 9.4964027404785156e+00
6.0431656837463379e+00 5.1798563003540039e+00
6.0431656837463379e+00 4.8920865058898926e+00
6.0431656837463379e+00 5.7553958892822266e-01
6.0431656837463379e+00 2.8776979446411133e-01
6.0431656837463379e+00 -1.3237409591674805e+01
6.0431656837463379e+00 -1.3525179862976074e+01
6.3309354782104492e+00 1.9856115341186523e+01
6.3309354782104492e+00 9.7841730117797852e+00
6.3309354782104492e+00 9.4964027404785156e+00
6.3309354782104492e+00 5.1798563003540039e+00
6.3309354782104492e+00 4.8920865058898926e+00
6.3309354782104492e+00 5.7553958892822266e-01
6.3309354782104492e+00 2.8776979446411133e-01
6.3309354782104492e+00 -1.3237409591674805e+01
6.3309354782104492e+00 -1.3525179862976074e+01
6.6187047958374023e+00 1.9856115341186523e+01
6.6187047958374023e+00 9.7841730117797852e+00
6.6187047958374023e+00 9.4964027404785156e+00
6.6187047958374023e+00 5.1798563003540039e+00
6.6187047958374023e+00 4.8920865058898926e+00
6.6187047958374023e+00 5.7553958892822266e-01
6.6187047958374023e+00 2.8776979446411133e-01
6.6187047958374023e+00 -1.3237409591674805e+01
6.6187047958374023e+00 -1.3525179862976074e+01
6.9064745903015137e+00 1.9856115341186523e+01
6.9064745903015137e+00 9.7841730117797852e+00
6.9064745903015137e+00 9.4964027404785156e+00
6.9064745903015137e+00 9.2086334228515625e+00
6.9064745903015137e+00 8.9208631515502930e+00
6.9064745903015137e+00 8.6330938339233398e+00
6.9064745903015137e+00 8.3453235626220703e+00
6.9064745903015137e+00 8.0575542449951172e+00
6.9064745903015137e+00 7.7697839736938477e+00
6.9064745903015137e+00 7.4820141792297363e+00
6.9064745903015137e+00 7.1942443847656250e+00
6.9064745903015137e+00 6.9064745903015137e+00
6.9064745903015137e+00 6.6187047958374023e+00
6.9064745903015137e+00 6.3309354782104492e+00
6.9064745903015137e+00 6.0431656837463379e+00
6.9064745903015137e+00 5.7553958892822266e+00
6.9064745903015137e+00 5.4676260948181152e+00
6.9064745903015137e+00 5.1798563003540039e+00
6.9064745903015137e+00 4.8920865058898926e+00
6.9064745903015137e+00 5.7553958892822266e-01
6.9064745903015137e+00 -1.3237409591674805e+01
6.9064745903015137e+00 -1.3525179862976074e+01
7.1942443847656250e+00 1.9856115341186523e+01
7.1942443847656250e+00 9.7841730117797852e+00
7.1942443847656250e+00 9.4964027404785156e+00
7.1942443847656250e+00 9.2086334228515625e+00
7.1942443847656250e+00 8.9208631515502930e+00
7.1942443847656250e+00 8.6330938339233398e+00
7.1942443847656250e+00 8.3453235626220703e+00
7.1942443847656250e+00 8.0575542449951172e+00
7.1942443847656250e+00 7.7697839736938477e+00
7.1942443847656250e+00 7.4820141792297363e+00
7.1942443847656250e+00 7.1942443847656250e+00
7.1942443847656250e+00 6.9064745903015137e+00
7.1942443847656250e+00 6.6187047958374023e+00
7.1942443847656250e+00 6.3309354782104492e+00
7.1942443847656250e+00 6.0431656837463379e+00
7.1942443847656250e+00 5.7553958892822266e+00
7.1942443847656250e+00 5.4676260948181152e+00
7.1942443847656250e+00 5.1798563003540039e+00
7.1942443847656250e+00 4.8920865058898926e+00
7.1942443847656250e+00 -1.3237409591674805e+01
7.1942443847656250e+00 -1.3525179862976074e+01
7.4820141792297363e+00 1.9856115341186523e+01
7.4820141792297363e+00 5.1798563003540039e+00
7.4820141792297363e+00 4.8920865058898926e+00
7.4820141792297363e+00 -1.3237409591674805e+01
7.4820141792297363e+00 -1.3525179862976074e+01
7.7697839736938477e+00 1.9856115341186523e+01
7.7697839736938477e+00 5.1798563003540039e+00
7.7697839736938477e+00 4.8920865058898926e+00
7.7697839736938477e+00 -1.3237409591674805e+01
7.7697839736938477e+00 -1.3525179862976074e+01
8.0575542449951172e+00 1.9856115341186523e+01
8.0575542449951172e+00 5.1798563003540039e+00
8.0575542449951172e+00 4.8920865058898926e+00
8.0575542449951172e+00 -1.3237409591674805e+01
8.0575542449951172e+00 -1.3525179862976074e+01
8.3453235626220703e+00 1.9856115341186523e+01
8.3453235626220703e+00 5.1798563003540039e+00
8.3453235626220703e+00 4.8920865058898926e+00
8.3453235626220703e+00 -1.3237409591674805e+01
8.3453235626220703e+00 -1.3525179862976074e+01
8.6330938339233398e+00 1.9856115341186523e+01
8.6330938339233398e+00 5.1798563003540039e+00
8.6330938339233398e+00 4.8920865058898926e+00
8.6330938339233398e+00 -1.3237409591674805e+01
8.6330938339233398e+00 -1.3525179862976074e+01
8.9208631515502930e+00 1.9856115341186523e+01
8.9208631515502930e+00 1.9568344116210938e+01
8.9208631515502930e+00 1.9280576705932617e+01
8.9208631515502930e+00 1.8992805480957031e+01
8.9208631515502930e+00 1.8705036163330078e+01
8.9208631515502930e+00 1.8417266845703125e+01
8.9208631515502930e+00 1.8129495620727539e+01
8.9208631515502930e+00 1.7841726303100586e+01
8.9208631515502930e+00 1.7553956985473633e+01
8.9208631515502930e+00 1.7266187667846680e+01
8.9208631515502930e+00 1.6978416442871094e+01
8.9208631515502930e+00 1.6690647125244141e+01
8.9208631515502930e+00 1.6402877807617188e+01
8.9208631515502930e+00 1.6115108489990234e+01
8.9208631515502930e+00 1.5827338218688965e+01
8.9208631515502930e+00 1.5539567947387695e+01
8.9208631515502930e+00 1.5251798629760742e+01
8.9208631515502930e+00 1.4964029312133789e+01
8.9208631515502930e+00 1.4676259040832520e+01
8.9208631515502930e+00 1.4388488769531250e+01
8.9208631515502930e+00 1.4100719451904297e+01
8.9208631515502930e+00 1.3812950134277344e+01
8.9208631515502930e+00 1.3525179862976074e+01
8.9208631515502930e+00 1.3237409591674805e+01
8.9208631515502930e+00 1.2949640274047852e+01
8.9208631515502930e+00 1.2661870956420898e+01
8.9208631515502930e+00 1.2374100685119629e+01
8.9208631515502930e+00 1.2086331367492676e+01
8.9208631515502930e+00 1.1798561096191406e+01
8.9208631515502930e+00 1.1510790824890137e+01
8.9208631515502930e+00 1.1223022460937500e+01
8.9208631515502930e+00 1.0935252189636230e+01
8.9208631515502930e+00 1.0647481918334961e+01
8.9208631515502930e+00 1.0359711647033691e+01
8.9208631515502930e+00 1.0071942329406738e+01
8.9208631515502930e+00 9.7841730117797852e+00
8.9208631515502930e+00 5.1798563003540039e+00
8.9208631515502930e+00 4.8920865058898926e+00
8.9208631515502930e+00 5.7553958892822266e-01
8.9208631515502930e+00 -1.3237409591674805e+01
8.9208631515502930e+00 -1.3525179862976074e+01
9.2086334228515625e+00 1.9856115341186523e+01
9.2086334228515625e+00 1.9568344116210938e+01
9.2086334228515625e+00 1.9280576705932617e+01
9.2086334228515625e+00 1.8992805480957031e+01
9.2086334228515625e+00 1.8705036163330078e+01
9.2086334228515625e+00 1.8417266845703125e+01
9.2086334228515625e+00 1.8129495620727539e+01
9.2086334228515625e+00 1.7841726303100586e+01
9.2086334228515625e+00 1.7553956985473633e+01
9.2086334228515625e+00 1.7266187667846680e+01
9.2086334228515625e+00 1.6978416442871094e+01
9.2086334228515625e+00 1.6690647125244141e+01
9.2086334228515625e+00 1.6402877807617188e+01
9.2086334228515625e+00 1.6115108489990234e+01
9.2086334228515625e+00 1.5827338218688965e+01
9.2086334228515625e+00 1.5539567947387695e+01
9.2086334228515625e+00 1.5251798629760742e+01
9.2086334228515625e+00 1.4964029312133789e+01
9.2086334228515625e+00 1.4676259040832520e+01
9.2086334228515625e+00 1.4388488769531250e+01
9.2086334228515625e+00 1.4100719451904297e+01
9.2086334228515625e+00 1.3812950134277344e+01
9.2086334228515625e+00 1.3525179862976074e+01
9.2086334228515625e+00 1.3237409591674805e+01
9.2086334228515625e+00 1.2949640274047852e+01
9.2086334228515625e+00 1.2661870956420898e+01
9.2086334228515625e+00 1.2374100685119629e+01
9.2086334228515625e+00 1.2086331367492676e+01
9.2086334228515625e+00 1.1798561096191406e+01
9.2086334228515625e+00 1.1510790824890137e+01
9.2086334228515625e+00 1.1223022460937500e+01
9.2086334228515625e+00 1.0935252189636230e+01
9.2086334228515625e+00 1.0647481918334961e+01
9.2086334228515625e+00 1.0359711647033691e+01
9.2086334228515625e+00 1.0071942329406738e+01
9.2086334228515625e+00 9.7841730117797852e+00
9.2086334228515625e+00 9.4964027404785156e+00
9.2086334228515625e+00 5.1798563003540039e+00
9.2086334228515625e+00 4.8920865058898926e+00
9.2086334228515625e+00 5.7553958892822266e-01
9.2086334228515625e+00 2.8776979446411133e-01
9.2086334228515625e+00 -1.3237409591674805e+01
9.2086334228515625e+00 -1.3525179862976074e+01
9.4964027404785156e+00 1.8417266845703125e+01
9.4964027404785156e+00 1.8129495620727539e+01
9.4964027404785156e+00 9.7841730117797852e+00
9.4964027404785156e+00 9.4964027404785156e+00
9.4964027404785156e+00 5.1798563003540039e+00
9.4964027404785156e+00 4.8920865058898926e+00
9.4964027404785156e+00 5.7553958892822266e-01
9.4964027404785156e+00 2.8776979446411133e-01
9.4964027404785156e+00 -1.3237409591674805e+01
9.4964027404785156e+00 -1.3525179862976074e+01
9.7841730117797852e+00 1.8417266845703125e+01
9.7841730117797852e+00 1.8129495620727539e+01
9.7841730117797852e+00 9.7841730117797852e+00
9.7841730117797852e+00 9.4964027404785156e+00
9.7841730117797852e+00 5.1798563003540039e+00
9.7841730117797852e+00 4.8920865058898926e+00
9.7841730117797852e+00 5.7553958892822266e-01
9.7841730117797852e+00 2.8776979446411133e-01
9.7841730117797852e+00 -1.3237409591674805e+01
9.7841730117797852e+00 -1.3525179862976074e+01
1.0071942329406738e+01 1.8417266845703125e+01
1.0071942329406738e+01 1.8129495620727539e+01
1.0071942329406738e+01 9.7841730117797852e+00
1.0071942329406738e+01 9.4964027404785156e+00
1.0071942329406738e+01 5.1798563003540039e+00
1.0071942329406738e+01 4.8920865058898926e+00
1.0071942329406738e+01 5.7553958892822266e-01
1.0071942329406738e+01 2.8776979446411133e-01
1.0071942329406738e+01 -1.3237409591674805e+01
1.0071942329406738e+01 -1.3525179862976074e+01
1.0359711647033691e+01 1.8417266845703125e+01
1.0359711647033691e+01 1.8129495620727539e+01
1.0359711647033691e+01 9.7841730117797852e+00
1.0359711647033691e+01 9.4964027404785156e+00
1.0359711647033691e+01 9.2086334228515625e+00
1.0359711647033691e+01 8.9208631515502930e+00
1.0359711647033691e+01 8.6330938339233398e+00
1.0359711647033691e+01 8.3453235626220703e+00
1.0359711647033691e+01 8.0575542449951172e+00
1.0359711647033691e+01 7.7697839736938477e+00
1.0359711647033691e+01 5.1798563003540039e+00
1.0359711647033691e+01 4.8920865058898926e+00
1.0359711647033691e+01 4.6043167114257812e+00
1.0359711647033691e+01 4.3165469169616699e+00
1.0359711647033691e+01 4.0287771224975586e+00
1.0359711647033691e+01 3.7410070896148682e+00
1.0359711647033691e+01 3.4532372951507568e+00
1.0359711647033691e+01 3.1654675006866455e+00
1.0359711647033691e+01 2.8776977062225342e+00
1.0359711647033691e+01 2.5899281501770020e+00
1.0359711647033691e+01 2.3021583557128906e+00
1.0359711647033691e+01 2.0143885612487793e+00
1.0359711647033691e+01 1.7266186475753784e+00
1.0359711647033691e+01 1.4388488531112671e+00
1.0359711647033691e+01 1.1510790586471558e+00
1.0359711647033691e+01 8.6330932378768921e-01
1.0359711647033691e+01 5.7553958892822266e-01
1.0359711647033691e+01 2.8776979446411133e-01
1.0359711647033691e+01 -1.3237409591674805e+01
1.0359711647033691e+01 -1.3525179862976074e+01
1.0647481918334961e+01 1.8417266845703125e+01
1.0647481918334961e+01 1.8129495620727539e+01
1.0647481918334961e+01 9.7841730117797852e+00
1.0647481918334961e+01 9.4964027404785156e+00
1.0647481918334961e+01 9.2086334228515625e+00
1.0647481918334961e+01 8.9208631515502930e+00
1.0647481918334961e+01 8.6330938339233398e+00
1.0647481918334961e+01 8.3453235626220703e+00
1.0647481918334961e+01 8.0575542449951172e+00
1.0647481918334961e+01 7.7697839736938477e+00
1.0647481918334961e+01 7.4820141792297363e+00
1.0647481918334961e+01 5.1798563003540039e+00
1.0647481918334961e+01 4.8920865058898926e+00
1.0647481918334961e+01 4.6043167114257812e+00
1.0647481918334961e+01 4.3165469169616699e+00
1.0647481918334961e+01 4.0287771224975586e+00
1.0647481918334961e+01 3.7410070896148682e+00
1.0647481918334961e+01 3.4532372951507568e+00
1.0647481918334961e+01 3.1654675006866455e+00
1.0647481918334961e+01 2.8776977062225342e+00
1.0647481918334961e+01 2.5899281501770020e+00
1.0647481918334961e+01 2.3021583557128906e+00
1.0647481918334961e+01 2.0143885612487793e+00
1.0647481918334961e+01 1.7266186475753784e+00
1.0647481918334961e+01 1.4388488531112671e+00
1.0647481918334961e+01 1.1510790586471558e+00
1.0647481918334961e+01 8.6330932378768921e-01
1.0647481918334961e+01 5.7553958892822266e-01
1.0647481918334961e+01 2.8776979446411133e-01
1.0647481918334961e+01 -1.3237409591674805e+01
1.0647481918334961e+01 -1.3525179862976074e+01
1.0935252189636230e+01 1.8417266845703125e+01
1.0935252189636230e+01 1.8129495620727539e+01
1.0935252189636230e+01 9.7841730117797852e+00
1.0935252189636230e+01 9.4964027404785156e+00
1.0935252189636230e+01 5.7553958892822266e-01
1.0935252189636230e+01 2.8776979446411133e-01
1.0935252189636230e+01 -1.3237409591674805e+01
1.0935252189636230e+01 -1.3525179862976074e+01
1.1223022460937500e+01 1.8417266845703125e+01
1.1223022460937500e+01 1.8129495620727539e+01
1.1223022460937500e+01 9.7841730117797852e+00
1.1223022460937500e+01 9.4964027404785156e+00
1.1223022460937500e+01 5.7553958892822266e-01
1.1223022460937500e+01 2.8776979446411133e-01
1.1223022460937500e+01 -1.3237409591674805e+01
1.1223022460937500e+01 -1.3525179862976074e+01
1.1510790824890137e+01 1.8417266845703125e+01
1.1510790824890137e+01 1.8129495620727539e+01
1.1510790824890137e+01 9.7841730117797852e+00
1.1510790824890137e+01 9.4964027404785156e+00
1.1510790824890137e+01 5.7553958892822266e-01
1.1510790824890137e+01 2.8776979446411133e-01
1.1510790824890137e+01 -1.3237409591674805e+01
1.1510790824890137e+01 -1.3525179862976074e+01
1.1798561096191406e+01 1.8417266845703125e+01
1.1798561096191406e+01 1.8129495620727539e+01
1.1798561096191406e+01 9.7841730117797852e+00
1.1798561096191406e+01 9.4964027404785156e+00
1.1798561096191406e+01 5.7553958892822266e-01
1.1798561096191406e+01 2.8776979446411133e-01
1.1798561096191406e+01 -1.3237409591674805e+01
1.1798561096191406e+01 -1.3525179862976074e+01
1.2086331367492676e+01 1.8417266845703125e+01
1.2086331367492676e+01 1.8129495620727539e+01
1.2086331367492676e+01 9.7841730117797852e+00
1.2086331367492676e+01 9.4964027404785156e+00
1.2086331367492676e+01 5.7553958892822266e-01
1.2086331367492676e+01 2.8776979446411133e-01
1.2086331367492676e+01 -1.3237409591674805e+01
1.2086331367492676e+01 -1.3525179862976074e+01
1.2374100685119629e+01 1.8417266845703125e+01
1.2374100685119629e+01 1.8129495620727539e+01
1.2374100685119629e+01 9.7841730117797852e+00
1.2374100685119629e+01 9.4964027404785156e+00
1.2374100685119629e+01 5.7553958892822266e-01
1.2374100685119629e+01 2.8776979446411133e-01
1.2374100685119629e+01 -1.3237409591674805e+01
1.2374100685119629e+01 -1.3525179862976074e+01
1.2661870956420898e+01 1.8417266845703125e+01
1.2661870956420898e+01 1.8129495620727539e+01
1.2661870956420898e+01 9.7841730117797852e+00
1.2661870956420898e+01 9.4964027404785156e+00
1.2661870956420898e+01 -1.3237409591674805e+01
1.2661870956420898e+01 -1.3525179862976074e+01
1.2949640274047852e+01 1.8417266845703125e+01
1.2949640274047852e+01 1.8129495620727539e+01
1.2949640274047852e+01 9.7841730117797852e+00
1.2949640274047852e+01 9.4964027404785156e+00
1.2949640274047852e+01 -1.3237409591674805e+01
1.2949640274047852e+01 -1.3525179862976074e+01
1.3237409591674805e+01 1.8417266845703125e+01
1.3237409591674805e+01 1.8129495620727539e+01
1.3237409591674805e+01 9.7841730117797852e+00
1.3237409591674805e+01 9.4964027404785156e+00
1.3237409591674805e+01 -1.3237409591674805e+01
1.3237409591674805e+01 -1.3525179862976074e+01
1.3525179862976074e+01 1.8417266845703125e+01
1.3525179862976074e+01 1.8129495620727539e+01
1.3525179862976074e+01 9.7841730117797852e+00
1.3525179862976074e+01 9.4964027404785156e+00
1.3525179862976074e+01 -5.1798563003540039e+00
1.3525179862976074e+01 -5.4676260948181152e+00
1.3525179862976074e+01 -5.7553958892822266e+00
1.3525179862976074e+01 -6.0431656837463379e+00
1.3525179862976074e+01 -6.3309354782104492e+00
1.3525179862976074e+01 -6.6187047958374023e+00
1.3525179862976074e+01 -6.9064745903015137e+00
1.3525179862976074e+01 -7.1942443847656250e+00
1.3525179862976074e+01 -7.4820141792297363e+00
1.3525179862976074e+01 -7.7697839736938477e+00
1.3525179862976074e+01 -8.0575542449951172e+00
1.3525179862976074e+01 -8.3453235626220703e+00
1.3525179862976074e+01 -8.6330938339233398e+00
1.3525179862976074e+01 -8.9208631515502930e+00
1.3525179862976074e+01 -9.2086334228515625e+00
1.3525179862976074e+01 -9.4964027404785156e+00
1.3525179862976074e+01 -9.7841730117797852e+00
1.3525179862976074e+01 -1.0071942329406738e+01
1.3525179862976074e+01 -1.0359711647033691e+01
1.3525179862976074e+01 -1.0647481918334961e+01
1.3525179862976074e+01 -1.0935252189636230e+01
1.3525179862976074e+01 -1.1223022460937500e+01
1.3525179862976074e+01 -1.1510790824890137e+01
1.3525179862976074e+01 -1.1798561096191406e+01
1.3525179862976074e+01 -1.2086331367492676e+01
1.3525179862976074e+01 -1.2374100685119629e+01
1.3525179862976074e+01 -1.2661870956420898e+01
1.3525179862976074e+01 -1.2949640274047852e+01
1.3525179862976074e+01 -1.3237409591674805e+01
1.3525179862976074e+01 -1.3525179862976074e+01
1.3812950134277344e+01 1.8417266845703125e+01
1.3812950134277344e+01 1.8129495620727539e+01
1.3812950134277344e+01 9.7841730117797852e+00
1.3812950134277344e+01 9.4964027404785156e+00
1.3812950134277344e+01 -5.1798563003540039e+00
1.3812950134277344e+01 -5.4676260948181152e+00
1.3812950134277344e+01 -5.7553958892822266e+00
1.3812950134277344e+01 -6.0431656837463379e+00
1.3812950134277344e+01 -6.3309354782104492e+00
1.3812950134277344e+01 -6.6187047958374023e+00
1.3812950134277344e+01 -6.9064745903015137e+00
1.3812950134277344e+01 -7.1942443847656250e+00
1.3812950134277344e+01 -7.4820141792297363e+00
1.3812950134277344e+01 -7.7697839736938477e+00
1.3812950134277344e+01 -8.0575542449951172e+00
1.3812950134277344e+01 -8.3453235626220703e+00
1.3812950134277344e+01 -8.6330938339233398e+00
1.3812950134277344e+01 -8.9208631515502930e+00
1.3812950134277344e+01 -9.2086334228515625e+00
1.3812950134277344e+01 -9.4964027404785156e+00
1.3812950134277344e+01 -9.7841730117797852e+00
1.3812950134277344e+01 -1.0071942329406738e+01
1.3812950134277344e+01 -1.0359711647033691e+01
1.3812950134277344e+01 -1.0647481918334961e+01
1.3812950134277344e+01 -1.0935252189636230e+01
1.3812950134277344e+01 -1.1223022460937500e+01
1.3812950134277344e+01 -1.1510790824890137e+01
1.3812950134277344e+01 -1.1798561096191406e+01
1.3812950134277344e+01 -1.2086331367492676e+01
1.3812950134277344e+01 -1.2374100685119629e+01
1.3812950134277344e+01 -1.2661870956420898e+01
1.3812950134277344e+01 -1.2949640274047852e+01
1.3812950134277344e+01 -1.3237409591674805e+01
1.3812950134277344e+01 -1.3525179862976074e+01
1.4100719451904297e+01 1.8417266845703125e+01
1.4100719451904297e+01 1.8129495620727539e+01
1.4100719451904297e+01 9.7841730117797852e+00
1.4100719451904297e+01 9.4964027404785156e+00
1.4100719451904297e+01 -5.1798563003540039e+00
1.4100719451904297e+01 -5.4676260948181152e+00
1.4388488769531250e+01 1.8417266845703125e+01
1.4388488769531250e+01 1.8129495620727539e+01
1.4388488769531250e+01 9.7841730117797852e+00
1.4388488769531250e+01 9.4964027404785156e+00
1.4388488769531250e+01 -5.1798563003540039e+00
1.4388488769531250e+01 -5.4676260948181152e+00
1.4676259040832520e+01 1.8417266845703125e+01
1.4676259040832520e+01 1.8129495620727539e+01
1.4676259040832520e+01 9.7841730117797852e+00
1.4676259040832520e+01 9.4964027404785156e+00
1.4676259040832520e+01 5.7553958892822266e-01
1.4676259040832520e+01 2.8776979446411133e-01
1.4676259040832520e+01 -5.1798563003540039e+00
1.4676259040832520e+01 -5.4676260948181152e+00
1.4964029312133789e+01 1.8417266845703125e+01
1.4964029312133789e+01 1.8129495620727539e+01
1.4964029312133789e+01 5.7553958892822266e-01
1.4964029312133789e+01 2.8776979446411133e-01
1.4964029312133789e+01 -5.1798563003540039e+00
1.4964029312133789e+01 -5.4676260948181152e+00
1.5251798629760742e+01 1.8417266845703125e+01
1.5251798629760742e+01 1.8129495620727539e+01
1.5251798629760742e+01 5.7553958892822266e-01
1.5251798629760742e+01 2.8776979446411133e-01
1.5251798629760742e+01 0.0000000000000000e+00
1.5251798629760742e+01 -2.8776979446411133e-01
1.5251798629760742e+01 -5.7553958892822266e-01
1.5251798629760742e+01 -8.6330932378768921e-01
1.5251798629760742e+01 -1.1510790586471558e+00
1.5251798629760742e+01 -1.4388488531112671e+00
1.5251798629760742e+01 -1.7266186475753784e+00
1.5251798629760742e+01 -2.0143885612487793e+00
1.5251798629760742e+01 -2.3021583557128906e+00
1.5251798629760742e+01 -2.5899281501770020e+00
1.5251798629760742e+01 -2.8776977062225342e+00
1.5251798629760742e+01 -3.1654675006866455e+00
1.5251798629760742e+01 -3.4532372951507568e+00
1.5251798629760742e+01 -3.7410070896148682e+00
1.5251798629760742e+01 -4.0287771224975586e+00
1.5251798629760742e+01 -4.3165469169616699e+00
1.5251798629760742e+01 -4.6043167114257812e+00
1.5251798629760742e+01 -4.8920865058898926e+00
1.5251798629760742e+01 -5.1798563003540039e+00
1.5251798629760742e+01 -5.4676260948181152e+00
1.5539567947387695e+01 1.8417266845703125e+01
1.5539567947387695e+01 1.8129495620727539e+01
1.5539567947387695e+01 5.7553958892822266e-01
1.5539567947387695e+01 2.8776979446411133e-01
1.5539567947387695e+01 0.0000000000000000e+00
1.5539567947387695e+01 -2.8776979446411133e-01
1.5539567947387695e+01 -5.7553958892822266e-01
1.5539567947387695e+01 -8.6330932378768921e-01
1.5539567947387695e+01 -1.1510790586471558e+00
1.5539567947387695e+01 -1.4388488531112671e+00
1.5539567947387695e+01 -1.7266186475753784e+00
1.5539567947387695e+01 -2.0143885612487793e+00
1.5539567947387695e+01 -2.3021583557128906e+00
1.5539567947387695e+01 -2.5899281501770020e+00
1.5539567947387695e+01 -2.8776977062225342e+00
1.5539567947387695e+01 -3.1654675006866455e+00
1.5539567947387695e+01 -3.4532372951507568e+00
1.5539567947387695e+01 -3.7410070896148682e+00
1.5539567947387695e+01 -4.0287771224975586e+00
1.5539567947387695e+01 -4.3165469169616699e+00
1.5539567947387695e+01 -4.6043167114257812e+00
1.5539567947387695e+01 -4.8920865058898926e+00
1.5539567947387695e+01 -5.1798563003540039e+00
1.5539567947387695e+01 -5.4676260948181152e+00
1.5827338218688965e+01 1.8417266845703125e+01
1.5827338218688965e+01 1.8129495620727539e+01
1.5827338218688965e+01 5.7553958892822266e-01
1.5827338218688965e+01 2.8776979446411133e-01
1.6115108489990234e+01 1.8417266845703125e+01
1.6115108489990234e+01 1.8129495620727539e+01
1.6115108489990234e+01 5.7553958892822266e-01
1.6115108489990234e+01 2.8776979446411133e-01
1.6402877807617188e+01 1.8417266845703125e+01
1.6402877807617188e+01 1.8129495620727539e+01
1.6402877807617188e+01 5.7553958892822266e-01
1.6402877807617188e+01 2.8776979446411133e-01
1.6690647125244141e+01 1.8417266845703125e+01
1.6690647125244141e+01 1.8129495620727539e+01
1.6690647125244141e+01 5.7553958892822266e-01
1.6690647125244141e+01 2.8776979446411133e-01
1.6978416442871094e+01 1.8417266845703125e+01
1.6978416442871094e+01 1.8129495620727539e+01
1.6978416442871094e+01 5.7553958892822266e-01
1.6978416442871094e+01 2.8776979446411133e-01
1.7266187667846680e+01 1.8417266845703125e+01
1.7266187667846680e+01 1.8129495620727539e+01
1.7266187667846680e+01 5.7553958892822266e-01
1.7266187667846680e+01 2.8776979446411133e-01
1.7553956985473633e+01 1.8417266845703125e+01
1.7553956985473633e+01 1.8129495620727539e+01
1.7553956985473633e+01 5.7553958892822266e-01
1.7553956985473633e+01 2.8776979446411133e-01
1.7841726303100586e+01 1.8417266845703125e+01
1.7841726303100586e+01 1.8129495620727539e+01
1.7841726303100586e+01 5.7553958892822266e-01
1.7841726303100586e+01 2.8776979446411133e-01
1.8129495620727539e+01 1.8417266845703125e+01
1.8129495620727539e+01 1.8129495620727539e+01
1.8129495620727539e+01 5.7553958892822266e-01
1.8129495620727539e+01 2.8776979446411133e-01
1.8417266845703125e+01 1.8417266845703125e+01
1.8417266845703125e+01 1.8129495620727539e+01
1.8417266845703125e+01 5.7553958892822266e-01
1.8417266845703125e+01 2.8776979446411133e-01
1.8705036163330078e+01 1.8417266845703125e+01
1.8705036163330078e+01 1.8129495620727539e+01
1.8705036163330078e+01 5.7553958892822266e-01
1.8705036163330078e+01 2.8776979446411133e-01
1.8992805480957031e+01 1.8417266845703125e+01
1.8992805480957031e+01 1.8129495620727539e+01
1.8992805480957031e+01 5.7553958892822266e-01
1.8992805480957031e+01 2.8776979446411133e-01
1.9280576705932617e+01 1.8417266845703125e+01
1.9280576705932617e+01 1.8129495620727539e+01
1.9280576705932617e+01 5.7553958892822266e-01
1.9280576705932617e+01 2.8776979446411133e-01
1.9568344116210938e+01 1.8417266845703125e+01
1.9568344116210938e+01 1.8129495620727539e+01
1.9568344116210938e+01 5.7553958892822266e-01
1.9568344116210938e+01 2.8776979446411133e-01
1.9856115341186523e+01 1.8417266845703125e+01
1.9856115341186523e+01 1.8129495620727539e+01
1.9856115341186523e+01 5.7553958892822266e-01
1.9856115341186523e+01 2.8776979446411133e-01
2.0143884658813477e+01 1.8417266845703125e+01
2.0143884658813477e+01 1.8129495620727539e+01
2.0143884658813477e+01 5.7553958892822266e-01
2.0143884658813477e+01 2.8776979446411133e-01
2.0431655883789062e+01 1.8417266845703125e+01
2.0431655883789062e+01 1.8129495620727539e+01
2.0431655883789062e+01 9.7841730117797852e+00
2.0431655883789062e+01 9.4964027404785156e+00
2.0431655883789062e+01 5.7553958892822266e-01
2.0431655883789062e+01 2.8776979446411133e-01
2.0431655883789062e+01 0.0000000000000000e+00
2.0431655883789062e+01 -2.8776979446411133e-01
2.0431655883789062e+01 -5.7553958892822266e-01
2.0431655883789062e+01 -8.6330932378768921e-01
2.0431655883789062e+01 -1.1510790586471558e+00
2.0431655883789062e+01 -1.4388488531112671e+00
2.0431655883789062e+01 -1.7266186475753784e+00
2.0431655883789062e+01 -2.0143885612487793e+00
2.0431655883789062e+01 -2.3021583557128906e+00
2.0431655883789062e+01 -2.5899281501770020e+00
2.0431655883789062e+01 -2.8776977062225342e+00
2.0431655883789062e+01 -3.1654675006866455e+00
2.0719423294067383e+01 1.8417266845703125e+01
2.0719423294067383e+01 1.8129495620727539e+01
2.0719423294067383e+01 9.7841730117797852e+00
2.0719423294067383e+01 9.4964027404785156e+00
2.0719423294067383e+01 5.7553958892822266e-01
2.0719423294067383e+01 2.8776979446411133e-01
2.0719423294067383e+01 0.0000000000000000e+00
2.0719423294067383e+01 -2.8776979446411133e-01
2.0719423294067383e+01 -5.7553958892822266e-01
2.0719423294067383e+01 -8.6330932378768921e-01
2.0719423294067383e+01 -1.1510790586471558e+00
2.0719423294067383e+01 -1.4388488531112671e+00
2.0719423294067383e+01 -1.7266186475753784e+00
2.0719423294067383e+01 -2.0143885612487793e+00
2.0719423294067383e+01 -2.3021583557128906e+00
2.0719423294067383e+01 -2.5899281501770020e+00
2.0719423294067383e+01 -2.8776977062225342e+00
2.0719423294067383e+01 -3.1654675006866455e+00
2.0719423294067383e+01 -3.4532372951507568e+00
2.0719423294067383e+01 -3.7410070896148682e+00
2.1007194519042969e+01 1.8417266845703125e+01
2.1007194519042969e+01 1.8129495620727539e+01
2.1007194519042969e+01 9.7841730117797852e+00
2.1007194519042969e+01 9.4964027404785156e+00
2.1007194519042969e+01 5.7553958892822266e-01
2.1007194519042969e+01 2.8776979446411133e-01
2.1007194519042969e+01 -3.4532372951507568e+00
2.1007194519042969e+01 -3.7410070896148682e+00
2.1294963836669922e+01 1.8417266845703125e+01
2.1294963836669922e+01 1.8129495620727539e+01
2.1294963836669922e+01 9.7841730117797852e+00
2.1294963836669922e+01 9.4964027404785156e+00
2.1294963836669922e+01 5.7553958892822266e-01
2.1294963836669922e+01 2.8776979446411133e-01
2.1294963836669922e+01 -3.4532372951507568e+00
2.1294963836669922e+01 -3.7410070896148682e+00
2.1582733154296875e+01 1.8417266845703125e+01
2.1582733154296875e+01 1.8129495620727539e+01
2.1582733154296875e+01 9.7841730117797852e+00
2.1582733154296875e+01 9.4964027404785156e+00
2.1582733154296875e+01 -3.4532372951507568e+00
2.1582733154296875e+01 -3.7410070896148682e+00
2.1870504379272461e+01 1.8417266845703125e+01
2.1870504379272461e+01 1.8129495620727539e+01
2.1870504379272461e+01 9.7841730117797852e+00
2.1870504379272461e+01 9.4964027404785156e+00
2.1870504379272461e+01 -3.4532372951507568e+00
2.1870504379272461e+01 -3.7410070896148682e+00
2.2158273696899414e+01 1.8417266845703125e+01
2.2158273696899414e+01 1.8129495620727539e+01
2.2158273696899414e+01 9.7841730117797852e+00
2.2158273696899414e+01 9.4964027404785156e+00
2.2158273696899414e+01 -3.4532372951507568e+00
2.2158273696899414e+01 -3.7410070896148682e+00
2.2446043014526367e+01 1.8417266845703125e+01
2.2446043014526367e+01 1.8129495620727539e+01
2.2446043014526367e+01 9.7841730117797852e+00
2.2446043014526367e+01 9.4964027404785156e+00
2.2446043014526367e+01 -3.4532372951507568e+00
2.2446043014526367e+01 -3.7410070896148682e+00
2.2733812332153320e+01 1.8417266845703125e+01
2.2733812332153320e+01 1.8129495620727539e+01
2.2733812332153320e+01 9.7841730117797852e+00
2.2733812332153320e+01 9.4964027404785156e+00
2.2733812332153320e+01 -3.4532372951507568e+00
2.2733812332153320e+01 -3.7410070896148682e+00
2.3021583557128906e+01 1.8417266845703125e+01
2.3021583557128906e+01 1.8129495620727539e+01
2.3021583557128906e+01 9.7841730117797852e+00
2.3021583557128906e+01 9.4964027404785156e+00
2.3021583557128906e+01 -3.4532372951507568e+00
2.3021583557128906e+01 -3.7410070896148682e+00
2.3309352874755859e+01 1.8417266845703125e+01
2.3309352874755859e+01 1.8129495620727539e+01
2.3309352874755859e+01 9.7841730117797852e+00
2.3309352874755859e+01 9.4964027404785156e+00
2.3309352874755859e+01 -3.4532372951507568e+00
2.3309352874755859e+01 -3.7410070896148682e+00
2.3597122192382812e+01 1.8417266845703125e+01
2.3597122192382812e+01 1.8129495620727539e+01
2.3597122192382812e+01 1.7841726303100586e+01
2.3597122192382812e+01 1.7553956985473633e+01
2.3597122192382812e+01 1.7266187667846680e+01
2.3597122192382812e+01 1.6978416442871094e+01
2.3597122192382812e+01 1.6690647125244141e+01
2.3597122192382812e+01 1.6402877807617188e+01
2.3597122192382812e+01 1.6115108489990234e+01
2.3597122192382812e+01 1.5827338218688965e+01
2.3597122192382812e+01 1.5539567947387695e+01
2.3597122192382812e+01 1.5251798629760742e+01
2.3597122192382812e+01 1.4964029312133789e+01
2.3597122192382812e+01 1.4676259040832520e+01
2.3597122192382812e+01 1.4388488769531250e+01
2.3597122192382812e+01 1.4100719451904297e+01
2.3597122192382812e+01 1.3812950134277344e+01
2.3597122192382812e+01 1.3525179862976074e+01
2.3597122192382812e+01 1.3237409591674805e+01
2.3597122192382812e+01 1.2949640274047852e+01
2.3597122192382812e+01 1.2661870956420898e+01
2.3597122192382812e+01 1.2374100685119629e+01
2.3597122192382812e+01 1.2086331367492676e+01
2.3597122192382812e+01 1.1798561096191406e+01
2.3597122192382812e+01 1.1510790824890137e+01
2.3597122192382812e+01 1.1223022460937500e+01
2.3597122192382812e+01 1.0935252189636230e+01
2.3597122192382812e+01 1.0647481918334961e+01
2.3597122192382812e+01 1.0359711647033691e+01
2.3597122192382812e+01 1.0071942329406738e+01
2.3597122192382812e+01 9.7841730117797852e+00
2.3597122192382812e+01 9.4964027404785156e+00
2.3597122192382812e+01 -3.4532372951507568e+00
2.3597122192382812e+01 -3.7410070896148682e+00
2.3884891510009766e+01 1.8417266845703125e+01
2.3884891510009766e+01 1.8129495620727539e+01
2.3884891510009766e+01 1.7841726303100586e+01
2.3884891510009766e+01 1.7553956985473633e+01
2.3884891510009766e+01 1.7266187667846680e+01
2.3884891510009766e+01 1.6978416442871094e+01
2.3884891510009766e+01 1.6690647125244141e+01
2.3884891510009766e+01 1.6402877807617188e+01
2.3884891510009766e+01 1.6115108489990234e+01
2.3884891510009766e+01 1.5827338218688965e+01
2.3884891510009766e+01 1.5539567947387695e+01
2.3884891510009766e+01 1.5251798629760742e+01
2.3884891510009766e+01 1.4964029312133789e+01
2.3884891510009766e+01 1.4676259040832520e+01
2.3884891510009766e+01 1.4388488769531250e+01
2.3884891510009766e+01 1.4100719451904297e+01
2.3884891510009766e+01 1.3812950134277344e+01
2.3884891510009766e+01 1.3525179862976074e+01
2.3884891510009766e+01 1.3237409591674805e+01
2.3884891510009766e+01 1.2949640274047852e+01
2.3884891510009766e+01 1.2661870956420898e+01
2.3884891510009766e+01 1.2374100685119629e+01
2.3884891510009766e+01 1.2086331367492676e+01
2.3884891510009766e+01 1.1798561096191406e+01
2.3884891510009766e+01 1.1510790824890137e+01
2.3884891510009766e+01 1.1223022460937500e+01
2.3884891510009766e+01 1.0935252189636230e+01
2.3884891510009766e+01 1.0647481918334961e+01
2.3884891510009766e+01 1.0359711647033691e+01
2.3884891510009766e+01 1.0071942329406738e+01
2.3884891510009766e+01 9.7841730117797852e+00
2.3884891510009766e+01 9.4964027404785156e+00
2.3884891510009766e+01 -3.4532372951507568e+00
2.3884891510009766e+01 -3.7410070896148682e+00
2.4172662734985352e+01 1.5827338218688965e+01
2.4172662734985352e+01 1.5539567947387695e+01
2.4172662734985352e+01 9.7841730117797852e+00
2.4172662734985352e+01 9.4964027404785156e+00
2.4172662734985352e+01 -3.4532372951507568e+00
2.4172662734985352e+01 -3.7410070896148682e+00
2.4460432052612305e+01 1.5827338218688965e+01
2.4460432052612305e+01 1.5539567947387695e+01
2.4460432052612305e+01 9.7841730117797852e+00
2.4460432052612305e+01 9.4964027404785156e+00
2.4460432052612305e+01 -3.4532372951507568e+00
2.4460432052612305e+01 -3.7410070896148682e+00
2.4748201370239258e+01 1.5827338218688965e+01
2.4748201370239258e+01 1.5539567947387695e+01
2.4748201370239258e+01 9.7841730117797852e+00
2.4748201370239258e+01 9.4964027404785156e+00
2.4748201370239258e+01 -3.4532372951507568e+00
2.4748201370239258e+01 -3.7410070896148682e+00
2.5035970687866211e+01 1.5827338218688965e+01
2.5035970687866211e+01 1.5539567947387695e+01
2.5035970687866211e+01 9.7841730117797852e+00
2.5035970687866211e+01 9.4964027404785156e+00
2.5035970687866211e+01 -3.4532372951507568e+00
2.5035970687866211e+01 -3.7410070896148682e+00
2.5323741912841797e+01 1.5827338218688965e+01
2.5323741912841797e+01 1.5539567947387695e+01
2.5323741912841797e+01 9.7841730117797852e+00
2.5323741912841797e+01 9.4964027404785156e+00
2.5323741912841797e+01 -3.4532372951507568e+00
2.5323741912841797e+01 -3.7410070896148682e+00
2.5611511230468750e+01 1.5827338218688965e+01
2.5611511230468750e+01 1.5539567947387695e+01
2.5611511230468750e+01 9.7841730117797852e+00
2.5611511230468750e+01 9.4964027404785156e+00
2.5611511230468750e+01 -3.4532372951507568e+00
2.5611511230468750e+01 -3.7410070896148682e+00
2.5899280548095703e+01 1.5827338218688965e+01
2.5899280548095703e+01 1.5539567947387695e+01
2.5899280548095703e+01 9.7841730117797852e+00
2.5899280548095703e+01 9.4964027404785156e+00
2.5899280548095703e+01 -3.4532372951507568e+00
2.5899280548095703e+01 -3.7410070896148682e+00
2.6187049865722656e+01 1.5827338218688965e+01
2.6187049865722656e+01 1.5539567947387695e+01
2.6187049865722656e+01 9.7841730117797852e+00
2.6187049865722656e+01 9.4964027404785156e+00
2.6187049865722656e+01 -3.4532372951507568e+00
2.6187049865722656e+01 -3.7410070896148682e+00
2.6474819183349609e+01 1.5827338218688965e+01
2.6474819183349609e+01 1.5539567947387695e+01
2.6474819183349609e+01 9.7841730117797852e+00
2.6474819183349609e+01 9.4964027404785156e+00
2.6474819183349609e+01 -3.4532372951507568e+00
2.6474819183349609e+01 -3.7410070896148682e+00
2.6762590408325195e+01 1.5827338218688965e+01
2.6762590408325195e+01 1.5539567947387695e+01
2.6762590408325195e+01 9.7841730117797852e+00
2.6762590408325195e+01 9.4964027404785156e+00
2.6762590408325195e+01 -3.4532372951507568e+00
2.6762590408325195e+01 -3.7410070896148682e+00
2.7050359725952148e+01 1.5827338218688965e+01
2.7050359725952148e+01 1.5539567947387695e+01
2.7050359725952148e+01 9.7841730117797852e+00
2.7050359725952148e+01 9.4964027404785156e+00
2.7050359725952148e+01 9.2086334228515625e+00
2.7050359725952148e+01 8.9208631515502930e+00
2.7050359725952148e+01 6.3309354782104492e+00
2.7050359725952148e+01 6.0431656837463379e+00
2.7050359725952148e+01 5.7553958892822266e+00
2.7050359725952148e+01 5.4676260948181152e+00
2.7050359725952148e+01 5.1798563003540039e+00
2.7050359725952148e+01 4.8920865058898926e+00
2.7050359725952148e+01 4.6043167114257812e+00
2.7050359725952148e+01 4.3165469169616699e+00
2.7050359725952148e+01 4.0287771224975586e+00
2.7050359725952148e+01 3.7410070896148682e+00
2.7050359725952148e+01 3.4532372951507568e+00
2.7050359725952148e+01 3.1654675006866455e+00
2.7050359725952148e+01 2.8776977062225342e+00
2.7050359725952148e+01 2.5899281501770020e+00
2.7050359725952148e+01 2.3021583557128906e+00
2.7050359725952148e+01 2.0143885612487793e+00
2.7050359725952148e+01 1.7266186475753784e+00
2.7050359725952148e+01 1.4388488531112671e+00
2.7050359725952148e+01 1.1510790586471558e+00
2.7050359725952148e+01 8.6330932378768921e-01
2.7050359725952148e+01 5.7553958892822266e-01
2.7050359725952148e+01 2.8776979446411133e-01
2.7050359725952148e+01 0.0000000000000000e+00
2.7050359725952148e+01 -2.8776979446411133e-01
2.7050359725952148e+01 -5.7553958892822266e-01
2.7050359725952148e+01 -8.6330932378768921e-01
2.7050359725952148e+01 -1.1510790586471558e+00
2.7050359725952148e+01 -1.4388488531112671e+00
2.7050359725952148e+01 -1.7266186475753784e+00
2.7050359725952148e+01 -2.0143885612487793e+00
2.7050359725952148e+01 -2.3021583557128906e+00
2.7050359725952148e+01 -2.5899281501770020e+00
2.7050359725952148e+01 -2.8776977062225342e+00
2.7050359725952148e+01 -3.1654675006866455e+00
2.7050359725952148e+01 -3.4532372951507568e+00
2.7050359725952148e+01 -3.7410070896148682e+00
2.7338129043579102e+01 1.5827338218688965e+01
2.7338129043579102e+01 1.5539567947387695e+01
2.7338129043579102e+01 9.7841730117797852e+00
2.7338129043579102e+01 9.4964027404785156e+00
2.7338129043579102e+01 9.2086334228515625e+00
2.7338129043579102e+01 8.9208631515502930e+00
2.7338129043579102e+01 6.3309354782104492e+00
2.7338129043579102e+01 6.0431656837463379e+00
2.7338129043579102e+01 5.7553958892822266e+00
2.7338129043579102e+01 5.4676260948181152e+00
2.7338129043579102e+01 5.1798563003540039e+00
2.7338129043579102e+01 4.8920865058898926e+00
2.7338129043579102e+01 4.6043167114257812e+00
2.7338129043579102e+01 4.3165469169616699e+00
2.7338129043579102e+01 4.0287771224975586e+00
2.7338129043579102e+01 3.7410070896148682e+00
2.7338129043579102e+01 3.4532372951507568e+00
2.7338129043579102e+01 3.1654675006866455e+00
2.7338129043579102e+01 2.8776977062225342e+00
2.7338129043579102e+01 2.5899281501770020e+00
2.7338129043579102e+01 2.3021583557128906e+00
2.7338129043579102e+01 2.0143885612487793e+00
2.7338129043579102e+01 1.7266186475753784e+00
2.7338129043579102e+01 1.4388488531112671e+00
2.7338129043579102e+01 1.1510790586471558e+00
2.7338129043579102e+01 8.6330932378768921e-01
2.7338129043579102e+01 5.7553958892822266e-01
2.7338129043579102e+01 2.8776979446411133e-01
2.7338129043579102e+01 0.0000000000000000e+00
2.7338129043579102e+01 -2.8776979446411133e-01
2.7338129043579102e+01 -5.7553958892822266e-01
2.7338129043579102e+01 -8.6330932378768921e-01
2.7338129043579102e+01 -1.1510790586471558e+00
2.7338129043579102e+01 -1.4388488531112671e+00
2.7338129043579102e+01 -1.7266186475753784e+00
2.7338129043579102e+01 -2.0143885612487793e+00
2.7338129043579102e+01 -2.3021583557128906e+00
2.7338129043579102e+01 -2.5899281501770020e+00
2.7338129043579102e+01 -2.8776977062225342e+00
2.7338129043579102e+01 -3.1654675006866455e+00
2.7338129043579102e+01 -3.4532372951507568e+00
2.7338129043579102e+01 -3.7410070896148682e+00
2.7625898361206055e+01 1.5827338218688965e+01
2.7625898361206055e+01 1.5539567947387695e+01
2.7625898361206055e+01 9.7841730117797852e+00
2.7625898361206055e+01 9.4964027404785156e+00
2.7625898361206055e+01 -3.4532372951507568e+00
2.7625898361206055e+01 -3.7410070896148682e+00
2.7913669586181641e+01 1.5827338218688965e+01
2.7913669586181641e+01 1.5539567947387695e+01
2.7913669586181641e+01 9.7841730117797852e+00
2.7913669586181641e+01 9.4964027404785156e+00
2.7913669586181641e+01 -3.4532372951507568e+00
2.7913669586181641e+01 -3.7410070896148682e+00
2.8201438903808594e+01 1.5827338218688965e+01
2.8201438903808594e+01 1.5539567947387695e+01
2.8201438903808594e+01 9.7841730117797852e+00
2.8201438903808594e+01 9.4964027404785156e+00
2.8201438903808594e+01 -3.4532372951507568e+00
2.8201438903808594e+01 -3.7410070896148682e+00
2.8489208221435547e+01 1.5827338218688965e+01
2.8489208221435547e+01 1.5539567947387695e+01
2.8489208221435547e+01 9.7841730117797852e+00
2.8489208221435547e+01 9.4964027404785156e+00
2.8489208221435547e+01 -3.4532372951507568e+00
2.8489208221435547e+01 -3.7410070896148682e+00
2.8776977539062500e+01 1.5827338218688965e+01
2.8776977539062500e+01 1.5539567947387695e+01
2.8776977539062500e+01 9.7841730117797852e+00
2.8776977539062500e+01 9.4964027404785156e+00
2.8776977539062500e+01 -3.4532372951507568e+00
2.8776977539062500e+01 -3.7410070896148682e+00
2.9064748764038086e+01 1.5827338218688965e+01
2.9064748764038086e+01 1.5539567947387695e+01
2.9064748764038086e+01 9.7841730117797852e+00
2.9064748764038086e+01 9.4964027404785156e+00
2.9064748764038086e+01 -3.4532372951507568e+00
2.9064748764038086e+01 -3.7410070896148682e+00
2.9352518081665039e+01 1.5827338218688965e+01
2.9352518081665039e+01 1.5539567947387695e+01
2.9352518081665039e+01 9.7841730117797852e+00
2.9352518081665039e+01 9.4964027404785156e+00
2.9352518081665039e+01 -3.4532372951507568e+00
2.9352518081665039e+01 -3.7410070896148682e+00
2.9640287399291992e+01 1.5827338218688965e+01
2.9640287399291992e+01 1.5539567947387695e+01
2.9640287399291992e+01 9.7841730117797852e+00
2.9640287399291992e+01 9.4964027404785156e+00
2.9640287399291992e+01 -3.4532372951507568e+00
2.9640287399291992e+01 -3.7410070896148682e+00
2.9928058624267578e+01 1.5827338218688965e+01
2.9928058624267578e+01 1.5539567947387695e+01
2.9928058624267578e+01 9.7841730117797852e+00
2.9928058624267578e+01 9.4964027404785156e+00
2.9928058624267578e+01 -3.4532372951507568e+00
2.9928058624267578e+01 -3.7410070896148682e+00
3.0215827941894531e+01 1.5827338218688965e+01
3.0215827941894531e+01 1.5539567947387695e+01
3.0215827941894531e+01 1.4100719451904297e+01
3.0215827941894531e+01 1.3812950134277344e+01
3.0215827941894531e+01 1.3525179862976074e+01
3.0215827941894531e+01 1.3237409591674805e+01
3.0215827941894531e+01 1.2949640274047852e+01
3.0215827941894531e+01 1.2661870956420898e+01
3.0215827941894531e+01 1.2374100685119629e+01
3.0215827941894531e+01 1.2086331367492676e+01
3.0215827941894531e+01 1.1798561096191406e+01
3.0215827941894531e+01 1.1510790824890137e+01
3.0215827941894531e+01 1.1223022460937500e+01
3.0215827941894531e+01 1.0935252189636230e+01
3.0215827941894531e+01 1.0647481918334961e+01
3.0215827941894531e+01 1.0359711647033691e+01
3.0215827941894531e+01 1.0071942329406738e+01
3.0215827941894531e+01 9.7841730117797852e+00
3.0215827941894531e+01 9.4964027404785156e+00
3.0215827941894531e+01 9.2086334228515625e+00
3.0215827941894531e+01 8.9208631515502930e+00
3.0215827941894531e+01 8.6330938339233398e+00
3.0215827941894531e+01 8.3453235626220703e+00
3.0215827941894531e+01 8.0575542449951172e+00
3.0215827941894531e+01 -3.4532372951507568e+00
3.0215827941894531e+01 -3.7410070896148682e+00
3.0503597259521484e+01 1.5827338218688965e+01
3.0503597259521484e+01 1.5539567947387695e+01
3.0503597259521484e+01 1.4100719451904297e+01
3.0503597259521484e+01 1.3812950134277344e+01
3.0503597259521484e+01 1.3525179862976074e+01
3.0503597259521484e+01 1.3237409591674805e+01
3.0503597259521484e+01 1.2949640274047852e+01
3.0503597259521484e+01 1.2661870956420898e+01
3.0503597259521484e+01 1.2374100685119629e+01
3.0503597259521484e+01 1.2086331367492676e+01
3.0503597259521484e+01 1.1798561096191406e+01
3.0503597259521484e+01 1.1510790824890137e+01
3.0503597259521484e+01 1.1223022460937500e+01
3.0503597259521484e+01 1.0935252189636230e+01
3.0503597259521484e+01 1.0647481918334961e+01
3.0503597259521484e+01 1.0359711647033691e+01
3.0503597259521484e+01 1.0071942329406738e+01
3.0503597259521484e+01 9.7841730117797852e+00
3.0503597259521484e+01 9.4964027404785156e+00
3.0503597259521484e+01 9.2086334228515625e+00
3.0503597259521484e+01 8.9208631515502930e+00
3.0503597259521484e+01 8.6330938339233398e+00
3.0503597259521484e+01 8.3453235626220703e+00
3.0503597259521484e+01 8.0575542449951172e+00
3.0503597259521484e+01 -3.4532372951507568e+00
3.0503597259521484e+01 -3.7410070896148682e+00
3.0791366577148438e+01 1.5827338218688965e+01
3.0791366577148438e+01 1.5539567947387695e+01
3.0791366577148438e+01 8.3453235626220703e+00
3.0791366577148438e+01 8.0575542449951172e+00
3.0791366577148438e+01 -3.4532372951507568e+00
3.0791366577148438e+01 -3.7410070896148682e+00
3.1079137802124023e+01 1.5827338218688965e+01
3.1079137802124023e+01 1.5539567947387695e+01
3.1079137802124023e+01 8.3453235626220703e+00
3.1079137802124023e+01 8.0575542449951172e+00
3.1079137802124023e+01 -3.4532372951507568e+00
3.1079137802124023e+01 -3.7410070896148682e+00
3.1366905212402344e+01 1.5827338218688965e+01
3.1366905212402344e+01 1.5539567947387695e+01
3.1366905212402344e+01 8.3453235626220703e+00
3.1366905212402344e+01 8.0575542449951172e+00
3.1366905212402344e+01 -3.4532372951507568e+00
3.1366905212402344e+01 -3.7410070896148682e+00
3.1654676437377930e+01 1.5827338218688965e+01
3.1654676437377930e+01 1.5539567947387695e+01
3.1654676437377930e+01 8.3453235626220703e+00
3.1654676437377930e+01 8.0575542449951172e+00
3.1654676437377930e+01 -3.4532372951507568e+00
3.1654676437377930e+01 -3.7410070896148682e+00
3.1942445755004883e+01 1.5827338218688965e+01
3.1942445755004883e+01 1.5539567947387695e+01
3.1942445755004883e+01 8.3453235626220703e+00
3.1942445755004883e+01 8.0575542449951172e+00
3.1942445755004883e+01 -3.4532372951507568e+00
3.1942445755004883e+01 -3.7410070896148682e+00
3.2230216979980469e+01 1.5827338218688965e+01
3.2230216979980469e+01 1.5539567947387695e+01
3.2230216979980469e+01 8.3453235626220703e+00
3.2230216979980469e+01 8.0575542449951172e+00
3.2230216979980469e+01 -3.4532372951507568e+00
3.2230216979980469e+01 -3.7410070896148682e+00
3.2517986297607422e+01 1.5827338218688965e+01
3.2517986297607422e+01 1.5539567947387695e+01
3.2517986297607422e+01 8.0575542449951172e+00
3.2517986297607422e+01 -3.4532372951507568e+00
3.2517986297607422e+01 -3.7410070896148682e+00
3.2805755615234375e+01 1.5827338218688965e+01
3.2805755615234375e+01 1.5539567947387695e+01
3.2805755615234375e+01 -3.4532372951507568e+00
3.2805755615234375e+01 -3.7410070896148682e+00
3.3093524932861328e+01 1.5827338218688965e+01
3.3093524932861328e+01 1.5539567947387695e+01
3.3093524932861328e+01 -3.4532372951507568e+00
3.3093524932861328e+01 -3.7410070896148682e+00
3.3381294250488281e+01 1.5827338218688965e+01
3.3381294250488281e+01 1.5539567947387695e+01
3.3381294250488281e+01 -3.4532372951507568e+00
3.3381294250488281e+01 -3.7410070896148682e+00
3.3669063568115234e+01 1.5827338218688965e+01
3.3669063568115234e+01 1.5539567947387695e+01
3.3669063568115234e+01 -3.4532372951507568e+00
3.3669063568115234e+01 -3.7410070896148682e+00
3.3956836700439453e+01 1.5827338218688965e+01
3.3956836700439453e+01 1.5539567947387695e+01
3.3956836700439453e+01 -3.4532372951507568e+00
3.3956836700439453e+01 -3.7410070896148682e+00
3.4244602203369141e+01 1.5827338218688965e+01
3.4244602203369141e+01 1.5539567947387695e+01
3.4244602203369141e+01 8.0575542449951172e+00
3.4244602203369141e+01 -3.4532372951507568e+00
3.4244602203369141e+01 -3.7410070896148682e+00
3.4532375335693359e+01 1.5827338218688965e+01
3.4532375335693359e+01 1.5539567947387695e+01
3.4532375335693359e+01 8.3453235626220703e+00
3.4532375335693359e+01 8.0575542449951172e+00
3.4532375335693359e+01 -3.4532372951507568e+00
3.4532375335693359e+01 -3.7410070896148682e+00
3.4820144653320312e+01 1.5827338218688965e+01
3.4820144653320312e+01 1.5539567947387695e+01
3.4820144653320312e+01 1.5251798629760742e+01
3.4820144653320312e+01 1.4964029312133789e+01
3.4820144653320312e+01 1.4676259040832520e+01
3.4820144653320312e+01 1.4388488769531250e+01
3.4820144653320312e+01 1.4100719451904297e+01
3.4820144653320312e+01 1.3812950134277344e+01
3.4820144653320312e+01 1.3525179862976074e+01
3.4820144653320312e+01 1.3237409591674805e+01
3.4820144653320312e+01 1.2949640274047852e+01
3.4820144653320312e+01 1.2661870956420898e+01
3.4820144653320312e+01 1.2374100685119629e+01
3.4820144653320312e+01 1.2086331367492676e+01
3.4820144653320312e+01 1.1798561096191406e+01
3.4820144653320312e+01 1.1510790824890137e+01
3.4820144653320312e+01 1.1223022460937500e+01
3.4820144653320312e+01 1.0935252189636230e+01
3.4820144653320312e+01 1.0647481918334961e+01
3.4820144653320312e+01 1.0359711647033691e+01
3.4820144653320312e+01 1.0071942329406738e+01
3.4820144653320312e+01 9.7841730117797852e+00
3.4820144653320312e+01 9.4964027404785156e+00
3.4820144653320312e+01 9.2086334228515625e+00
3.4820144653320312e+01 8.9208631515502930e+00
3.4820144653320312e+01 8.6330938339233398e+00
3.4820144653320312e+01 8.3453235626220703e+00
3.4820144653320312e+01 8.0575542449951172e+00
3.4820144653320312e+01 -3.4532372951507568e+00
3.4820144653320312e+01 -3.7410070896148682e+00
3.5107913970947266e+01 1.5827338218688965e+01
3.5107913970947266e+01 1.5539567947387695e+01
3.5107913970947266e+01 1.5251798629760742e+01
3.5107913970947266e+01 1.4964029312133789e+01
3.5107913970947266e+01 1.4676259040832520e+01
3.5107913970947266e+01 1.4388488769531250e+01
3.5107913970947266e+01 1.4100719451904297e+01
3.5107913970947266e+01 1.3812950134277344e+01
3.5107913970947266e+01 1.3525179862976074e+01
3.5107913970947266e+01 1.3237409591674805e+01
3.5107913970947266e+01 1.2949640274047852e+01
3.5107913970947266e+01 1.2661870956420898e+01
3.5107913970947266e+01 1.2374100685119629e+01
3.5107913970947266e+01 1.2086331367492676e+01
3.5107913970947266e+01 1.1798561096191406e+01
3.5107913970947266e+01 1.1510790824890137e+01
3.5107913970947266e+01 1.1223022460937500e+01
3.5107913970947266e+01 1.0935252189636230e+01
3.5107913970947266e+01 1.0647481918334961e+01
3.5107913970947266e+01 1.0359711647033691e+01
3.5107913970947266e+01 1.0071942329406738e+01
3.5107913970947266e+01 9.7841730117797852e+00
3.5107913970947266e+01 9.4964027404785156e+00
3.5107913970947266e+01 9.2086334228515625e+00
3.5107913970947266e+01 8.9208631515502930e+00
3.5107913970947266e+01 8.6330938339233398e+00
3.5107913970947266e+01 8.3453235626220703e+00
3.5107913970947266e+01 8.0575542449951172e+00
3.5107913970947266e+01 -3.4532372951507568e+00
3.5107913970947266e+01 -3.7410070896148682e+00
3.5395683288574219e+01 1.5827338218688965e+01
3.5395683288574219e+01 1.5539567947387695e+01
3.5395683288574219e+01 8.0575542449951172e+00
3.5395683288574219e+01 -3.4532372951507568e+00
3.5395683288574219e+01 -3.7410070896148682e+00
3.5683452606201172e+01 1.5827338218688965e+01
3.5683452606201172e+01 1.5539567947387695e+01
3.5683452606201172e+01 -3.4532372951507568e+00
3.5683452606201172e+01 -3.7410070896148682e+00
3.5971221923828125e+01 1.5827338218688965e+01
3.5971221923828125e+01 1.5539567947387695e+01
3.5971221923828125e+01 -3.4532372951507568e+00
3.5971221923828125e+01 -3.7410070896148682e+00
3.6258991241455078e+01 1.5827338218688965e+01
3.6258991241455078e+01 1.5539567947387695e+01
3.6258991241455078e+01 -3.4532372951507568e+00
3.6258991241455078e+01 -3.7410070896148682e+00
3.6546764373779297e+01 1.5827338218688965e+01
3.6546764373779297e+01 1.5539567947387695e+01
3.6546764373779297e+01 -3.4532372951507568e+00
3.6546764373779297e+01 -3.7410070896148682e+00
3.6834533691406250e+01 1.5827338218688965e+01
3.6834533691406250e+01 1.5539567947387695e+01
3.6834533691406250e+01 -3.4532372951507568e+00
3.6834533691406250e+01 -3.7410070896148682e+00
3.7122303009033203e+01 1.5827338218688965e+01
3.7122303009033203e+01 1.5539567947387695e+01
3.7122303009033203e+01 -3.4532372951507568e+00
3.7122303009033203e+01 -3.7410070896148682e+00
3.7410072326660156e+01 1.5827338218688965e+01
3.7410072326660156e+01 1.5539567947387695e+01
3.7410072326660156e+01 -3.4532372951507568e+00
3.7410072326660156e+01 -3.7410070896148682e+00
3.7697841644287109e+01 1.5827338218688965e+01
3.7697841644287109e+01 1.5539567947387695e+01
3.7697841644287109e+01 8.3453235626220703e+00
3.7697841644287109e+01 8.0575542449951172e+00
3.7697841644287109e+01 -3.4532372951507568e+00
3.7697841644287109e+01 -3.7410070896148682e+00
3.7985610961914062e+01 1.5827338218688965e+01
3.7985610961914062e+01 1.5539567947387695e+01
3.7985610961914062e+01 8.3453235626220703e+00
3.7985610961914062e+01 8.0575542449951172e+00
3.7985610961914062e+01 -3.4532372951507568e+00
3.7985610961914062e+01 -3.7410070896148682e+00
3.8273380279541016e+01 1.5827338218688965e+01
3.8273380279541016e+01 1.5539567947387695e+01
3.8273380279541016e+01 8.3453235626220703e+00
3.8273380279541016e+01 8.0575542449951172e+00
3.8273380279541016e+01 -3.4532372951507568e+00
3.8273380279541016e+01 -3.7410070896148682e+00
3.8561149597167969e+01 1.5827338218688965e+01
3.8561149597167969e+01 1.5539567947387695e+01
3.8561149597167969e+01 8.3453235626220703e+00
3.8561149597167969e+01 8.0575542449951172e+00
3.8561149597167969e+01 -3.4532372951507568e+00
3.8561149597167969e+01 -3.7410070896148682e+00
3.8848922729492188e+01 1.5827338218688965e+01
3.8848922729492188e+01 1.5539567947387695e+01
3.8848922729492188e+01 8.3453235626220703e+00
3.8848922729492188e+01 8.0575542449951172e+00
3.8848922729492188e+01 -3.4532372951507568e+00
3.8848922729492188e+01 -3.7410070896148682e+00
3.9136692047119141e+01 1.5827338218688965e+01
3.9136692047119141e+01 1.5539567947387695e+01
3.9136692047119141e+01 8.3453235626220703e+00
3.9136692047119141e+01 8.0575542449951172e+00
3.9136692047119141e+01 -3.4532372951507568e+00
3.9136692047119141e+01 -3.7410070896148682e+00
3.9424461364746094e+01 1.5827338218688965e+01
3.9424461364746094e+01 1.5539567947387695e+01
3.9424461364746094e+01 8.3453235626220703e+00
3.9424461364746094e+01 8.0575542449951172e+00
3.9424461364746094e+01 -3.4532372951507568e+00
3.9424461364746094e+01 -3.7410070896148682e+00
3.9712230682373047e+01 1.5827338218688965e+01
3.9712230682373047e+01 1.5539567947387695e+01
3.9712230682373047e+01 8.3453235626220703e+00
3.9712230682373047e+01 8.0575542449951172e+00
3.9712230682373047e+01 -3.4532372951507568e+00
3.9712230682373047e+01 -3.7410070896148682e+00
4.0000000000000000e+01 1.5827338218688965e+01
4.0000000000000000e+01 1.5539567947387695e+01
4.0000000000000000e+01 1.5251798629760742e+01
4.0000000000000000e+01 1.4964029312133789e+01
4.0000000000000000e+01 1.4676259040832520e+01
4.0000000000000000e+01 1.4388488769531250e+01
4.0000000000000000e+01 1.4100719451904297e+01
4.0000000000000000e+01 1.3812950134277344e+01
4.0000000000000000e+01 1.3525179862976074e+01
4.0000000000000000e+01 1.3237409591674805e+01
4.0000000000000000e+01 1.2949640274047852e+01
4.0000000000000000e+01 1.2661870956420898e+01
4.0000000000000000e+01 1.2374100685119629e+01
4.0000000000000000e+01 1.2086331367492676e+01
4.0000000000000000e+01 1.1798561096191406e+01
4.0000000000000000e+01 1.1510790824890137e+01
4.0000000000000000e+01 1.1223022460937500e+01
4.0000000000000000e+01 1.0935252189636230e+01
4.0000000000000000e+01 1.0647481918334961e+01
4.0000000000000000e+01 1.0359711647033691e+01
4.0000000000000000e+01 1.0071942329406738e+01
4.0000000000000000e+01 9.7841730117797852e+00
4.0000000000000000e+01 9.4964027404785156e+00
4.0000000000000000e+01 9.2086334228515625e+00
4.0000000000000000e+01 8.9208631515502930e+00
4.0000000000000000e+01 8.6330938339233398e+00
4.0000000000000000e+01 8.3453235626220703e+00
4.0000000000000000e+01 8.0575542449951172e+00
4.0000000000000000e+01 7.7697839736938477e+00
4.0000000000000000e+01 7.4820141792297363e+00
4.0000000000000000e+01 7.1942443847656250e+00
4.0000000000000000e+01 6.9064745903015137e+00
4.0000000000000000e+01 6.6187047958374023e+00
4.0000000000000000e+01 6.3309354782104492e+00
4.0000000000000000e+01 6.0431656837463379e+00
4.0000000000000000e+01 5.7553958892822266e+00
4.0000000000000000e+01 5.4676260948181152e+00
4.0000000000000000e+01 5.1798563003540039e+00
4.0000000000000000e+01 4.8920865058898926e+00
4.0000000000000000e+01 4.6043167114257812e+00
4.0000000000000000e+01 4.3165469169616699e+00
4.0000000000000000e+01 4.0287771224975586e+00
4.0000000000000000e+01 3.7410070896148682e+00
4.0000000000000000e+01 3.4532372951507568e+00
4.0000000000000000e+01 3.1654675006866455e+00
4.0000000000000000e+01 2.8776977062225342e+00
4.0000000000000000e+01 2.5899281501770020e+00
4.0000000000000000e+01 2.3021583557128906e+00
4.0000000000000000e+01 2.0143885612487793e+00
4.0000000000000000e+01 1.7266186475753784e+00
4.0000000000000000e+01 1.4388488531112671e+00
4.0000000000000000e+01 1.1510790586471558e+00
4.0000000000000000e+01 8.6330932378768921e-01
4.0000000000000000e+01 5.7553958892822266e-01
4.0000000000000000e+01 2.8776979446411133e-01
4.0000000000000000e+01 0.0000000000000000e+00
4.0000000000000000e+01 -2.8776979446411133e-01
4.0000000000000000e+01 -5.7553958892822266e-01
4.0000000000000000e+01 -8.6330932378768921e-01
4.0000000000000000e+01 -1.1510790586471558e+00
4.0000000000000000e+01 -1.4388488531112671e+00
4.0000000000000000e+01 -1.7266186475753784e+00
4.0000000000000000e+01 -2.0143885612487793e+00
4.0000000000000000e+01 -2.3021583557128906e+00
4.0000000000000000e+01 -2.5899281501770020e+00
4.0000000000000000e+01 -2.8776977062225342e+00
4.0000000000000000e+01 -3.1654675006866455e+00
4.0000000000000000e+01 -3.4532372951507568e+00
4.0000000000000000e+01 -3.7410070896148682e+00