6.9318 3.42935
6.44274 3.53338
5.94874 3.61061
5.62206 3.98913
5.26547 4.33963
4.76658 4.30627
4.35783 4.2079
4.38091 3.70844
4.36874 3.20859
4.67267 2.81157
4.56915 2.3224
4.42538 1.84352
4.60378 1.37642
5.03958 1.13132
5.45317 0.850353
5.8436 0.53799
6.21033 0.198127
6.55317 -0.165822
7.05295 -0.180746
7.55273 -0.19567
8.0525 -0.210593
8.39882 0.150056
8.35492 0.648126
8.65736 1.04629
8.55776 1.53627
8.42661 2.01876
8.65484 2.46363
9.1308 2.61681
9.60676 2.76999
10.0827 2.92317
10.5587 3.07636
11.0346 3.22954
11.4716 2.98651
11.5865 2.49989
11.6789 2.00851
12.0823 1.71312
12.4762 1.40515
12.5155 0.906694
12.5331 0.407005
12.5291 -0.0929792
12.5034 -0.592317
12.456 -1.09007
12.3871 -1.58529
12.6761 -1.9933
12.5712 -2.48218
12.4458 -2.96619
12.6863 -3.40452
12.5269 -3.87842
12.3481 -4.34535
12.5385 -4.80769
1 0
1.46154 -0.192308
1.92308 -0.384615
2.38462 -0.576923
2.84615 -0.769231
3.30769 -0.961538
3.49807 -1.42388
3.32195 -1.89183
3.55046 -2.33656
3.41482 -2.81781
3.30382 -3.30533
3.59123 -3.71448
3.52354 -4.20988
3.482 -4.70815
3.46667 -5.20791
3.47757 -5.70779
3.51464 -6.20642
3.57772 -6.70242
3.29266 -7.1132
3.02241 -7.53387
2.53779 -7.65694
2.10809 -7.40129
1.68671 -7.13215
1.59411 -6.6408
1.52291 -6.14589
1.47324 -5.64837
1.44516 -5.14916
1.43871 -4.6492
1.45387 -4.14943
1.4906 -3.65078
1.54882 -3.15418
1.62839 -2.66055
1.72914 -2.17081
1.85087 -1.68585
1.99334 -1.20658
1.77428 -0.757118
1.30658 -0.580343
0.838869 -0.403568
0.633148 0.0521505
0.439561 0.513154
0.64052 0.970991
0.858023 1.42121
1.09177 1.8632
1.34144 2.2964
1.6067 2.72024
2.09771 2.8146
2.59105 2.89599
2.89323 3.29434
3.21042 3.68085
3.54216 4.05495
3.34192 4.36178
2.9829 4.70978
2.97511 5.20972
2.97968 5.7097
2.9963 6.20942
3.02467 6.70862
3.06451 7.20703
2.74888 7.59482
2.25149 7.64584
1.87052 7.32202
1.84512 6.82267
2.18826 6.45899
2.17373 5.95921
2.17068 5.45922
1.83514 5.32296
1.33552 5.30338
0.83648 5.27246
0.454481 5.59507
0.412486 6.0933
0.381 6.59231
0.359816 7.09186
0.348734 7.59174
0.347555 8.09174
0.707089 8.43921
1.07603 8.77668
1.57473 8.74073
1.95919 9.0604
2.35244 9.3692
2.75417 9.66688
3.16406 9.95322
3.58179 10.228
4.08539 10.1236
4.33929 9.69286
4.59319 9.26212
4.84708 8.83138
5.10098 8.40064
5.35488 7.9699
5.60878 7.53916
5.86268 7.10843
6.11658 6.67769
6.37048 6.24695
6.62438 5.81621
6.87828 5.38547
7.13217 4.95474
7.38607 4.524
7.26103 4.03989
