10 10 6
11.5391 11.5 8.09314
13.315 11.3865 10.5084
16.1981 11.2198 10.9494
16.8668 11.1594 15.3388
17.4064 13.0772 18.7648
17.4974 12.9248 22.0832
15.6317 13.053 24.429
12.4781 13.1211 27.1696
11.3119 13.4076 31.0707
13.073 15.0625 34.541
11.4393 15.3894 39.1123
9.48275 15.8506 41.3392
6.56244 16.5202 41.4925
5.5997 18.7013 41.5583
4.62802 20.9909 41.6205
5.64758 23.8122 41.5942
5.23406 27.9172 41.6599
5.33903 31.6695 41.5382
7.29905 33.9402 41.4927
9.43838 36.0428 41.443
12.6315 38.8354 41.3687
13.0071 41.8115 41.4093
16.4536 42.6665 41.3002
21.3525 42.3028 41.6279
25.8748 41.882 41.4061
28.7564 42.711 41.3103
31.427 41.0612 41.1513
33.7752 39.2 41.0037
33.9009 36.2044 40.9007
33.6785 32.132 40.7686
35.6573 28.1834 40.5762
33.7936 26.1457 40.5684
34.017 23.1559 40.4631
34.2404 20.166 40.3579
34.3239 18.121 38.1646
34.5667 15.2044 38.8237
36.8008 13.4085 39.7091
