26.3624 13.5513 26.2908 13.0564
26.3624 13.5513 26.2908 13.0564
26.2908 13.0564 26.497 12.6009
26.2908 13.0564 26.497 12.6009
24.6592 14.2087 25.0011 13.6678
26.2908 13.0564 25.9831 13.4794
25.4962 13.9861 25.9831 13.4794
25.9845 13.8787 25.9831 13.4794
25.4962 13.9861 25.9831 13.4794
25.4909 13.5676 25.9831 13.4794
26.2908 13.0564 25.9831 13.4794
25.5834 12.9042 25.9831 13.4794
25.4909 13.5676 25.9831 13.4794
25.1815 13.2015 25.9831 13.4794
25.4909 13.5676 25.9831 13.4794
25.5834 12.9042 25.9831 13.4794
25.9845 13.8787 25.9831 13.4794
26.2908 13.0564 25.8731 13.2452
25.4962 13.9861 25.8731 13.2452
25.9845 13.8787 25.8731 13.2452
25.4909 13.5676 25.8731 13.2452
25.4909 13.5676 25.8731 13.2452
26.2908 13.0564 25.8731 13.2452
25.9976 12.624 25.8731 13.2452
25.1815 13.2015 25.8731 13.2452
25.4909 13.5676 25.8731 13.2452
25.5834 12.9042 25.8731 13.2452
25.1815 13.2015 25.8731 13.2452
25.9976 12.624 25.8731 13.2452
25.5834 12.9042 25.8731 13.2452
25.5834 12.9042 25.8731 13.2452
25.9845 13.8787 25.8731 13.2452
25.9831 13.4794 25.8731 13.2452
25.9845 13.8787 25.8731 13.2452
26.3624 13.5513 25.8731 13.2452
25.9831 13.4794 25.8731 13.2452
26.3624 13.5513 25.8731 13.2452
25.142 14.339 25.4909 13.5676
25.4962 13.9861 25.4909 13.5676
25.0011 13.6678 25.4909 13.5676
25.5834 12.9042 25.4909 13.5676
25.5834 12.9042 25.4909 13.5676
25.1815 13.2015 25.4909 13.5676
25.0011 13.6678 25.4909 13.5676
25.1815 13.2015 25.4909 13.5676
25.0011 13.6678 25.4909 13.5676
25.1815 13.2015 25.4909 13.5676
25.4962 13.9861 25.4909 13.5676
25.4962 13.9861 25.4909 13.5676
25.9845 13.8787 25.4909 13.5676
25.9845 13.8787 25.4909 13.5676
25.1815 13.2015 25.0011 13.6678
24.6592 14.2087 25.0011 13.6678
24.1792 14.3484 24.5112 13.7681
25.0011 13.6678 24.5112 13.7681
25.0011 13.6678 24.5112 13.7681
23.6935 14.2294 24.0238 13.8795
23.6935 14.2294 24.0238 13.8795
24.5112 13.7681 24.0238 13.8795
24.5112 13.7681 24.0238 13.8795
22.7285 14.2709 23.058 13.8649
22.2404 14.1624 22.5744 13.7379
21.7524 14.0538 22.0907 13.6109
20.7762 13.8367 21.1248 13.6158
20.2881 13.7282 20.6391 13.4973
19.8001 13.6196 20.1533 13.3789
19.312 13.5111 19.6676 13.2604
18.8239 13.4026 19.1818 13.1419
18.3358 13.294 18.696 13.0234
17.8478 13.1855 18.2103 12.905
16.8834 13.2407 17.2446 12.9268
17.7245 12.7865 17.2446 12.9268
15.9043 13.0375 16.2699 12.7032
15.4147 12.9359 15.7826 12.5914
16.2699 12.7032 15.7826 12.5914
14.4511 13.0032 14.8173 12.6264
14.4511 13.0032 14.8173 12.6264
13.9603 12.9077 14.3286 12.5205
13.4695 12.8123 13.84 12.4146
12.9787 12.7168 13.3513 12.3087
12.0159 12.7948 12.3865 12.3555
12.8627 12.2028 12.3865 12.3555
10.094 12.9757 10.4597 12.4746
10.094 12.9757 10.4597 12.4746
9.10681 12.8162 9.49681 12.5513
7.25471 13.5707 7.60053 12.994
6.33918 13.9729 6.67294 13.3676
4.99451 15.1815 5.33073 14.7744
4.99451 15.1815 5.33073 14.7744
4.99451 15.1815 5.33073 14.7744
5.49359 15.2117 5.33073 14.7744
4.49542 15.1512 4.83213 14.737
4.49542 15.1512 4.83213 14.737
3.99634 15.121 4.33353 14.6996
3.49725 15.0907 3.83493 14.6622
3.49725 15.0907 3.83493 14.6622
2.99817 15.0605 3.33633 14.6248
2.49908 15.0302 2.83773 14.5874
2 15 2.33914 14.55
2.33914 14.55 2 15
2.33914 14.55 2 15
2.99817 15.0605 2.4171 15.2757
2.83629 15.5483 2.22335 15.4473
2.49908 15.0302 2.22335 15.4473
2.4171 15.2757 2.22335 15.4473
2.49908 15.0302 2.22335 15.4473
2.4171 15.2757 2.22335 15.4473
6.16112 17.0187 5.5943 17.175
6.16112 17.0187 5.5943 17.175
5.91737 16.5821 5.5943 17.175
6.5943 17.2684 6.02879 17.4224
7.02965 17.5143 6.4654 17.6661
6.5943 17.2684 6.4654 17.6661
7.02965 17.5143 6.4654 17.6661
11.4045 17.866 10.7841 18.2225
10.9049 17.8843 10.7841 18.2225
11.4045 17.866 10.7841 18.2225
10.9049 17.8843 10.7841 18.2225
23.3965 17.4258 22.7078 17.75
22.8968 17.4442 22.7078 17.75
23.3965 17.4258 22.7078 17.75
22.8968 17.4442 22.7078 17.75
23.3965 17.4258 23.1553 17.9732
23.3965 17.4258 23.1553 17.9732
23.8961 17.4075 23.6536 17.9322
23.8961 17.4075 23.6536 17.9322
24.3958 17.3892 24.1519 17.8913
24.3958 17.3892 24.1519 17.8913
23.8961 17.4075 24.1519 17.8913
24.3958 17.3892 24.1519 17.8913
23.8961 17.4075 24.1519 17.8913
24.8955 17.3708 24.6502 17.8503
24.8955 17.3708 24.6502 17.8503
24.3958 17.3892 24.6502 17.8503
24.8955 17.3708 24.6502 17.8503
24.3958 17.3892 24.6502 17.8503
24.3958 17.3892 24.6502 17.8503
24.1519 17.8913 24.6502 17.8503
24.1519 17.8913 24.6502 17.8503
24.1519 17.8913 24.6502 17.8503
24.6502 17.8503 24.4365 18.3024
24.6502 17.8503 24.4365 18.3024
24.1519 17.8913 24.4365 18.3024
24.6502 17.8503 24.4365 18.3024
24.1519 17.8913 24.4365 18.3024
24.1519 17.8913 24.4365 18.3024
24.1519 17.8913 23.9403 18.3635
24.4365 18.3024 23.9403 18.3635
24.1519 17.8913 23.9403 18.3635
23.6536 17.9322 23.9403 18.3635
24.1519 17.8913 23.9403 18.3635
23.6536 17.9322 23.9403 18.3635
23.6536 17.9322 23.9403 18.3635
23.6536 17.9322 23.444 18.4247
23.9403 18.3635 23.444 18.4247
23.6536 17.9322 23.444 18.4247
21.3009 19.2666 20.8076 19.3483
22.2088 17.7804 21.7809 18.2768
21.8975 17.4809 21.7809 18.2768
21.7097 17.8109 21.7809 18.2768
22.2088 17.7804 21.7809 18.2768
21.8975 17.4809 21.7809 18.2768
21.7097 17.8109 21.7809 18.2768
21.2106 17.8413 21.7809 18.2768
21.7097 17.8109 21.7809 18.2768
21.3795 18.5749 21.7809 18.2768
21.3795 18.5749 21.7809 18.2768
21.2106 17.8413 21.7809 18.2768
21.3795 18.5749 21.7809 18.2768
21.3009 19.2666 21.829 18.7745
20.9836 18.8803 21.829 18.7745
21.3795 18.5749 21.829 18.7745
21.3795 18.5749 21.829 18.7745
22.7078 17.75 22.6264 18.1711
23.1553 17.9732 22.6264 18.1711
22.8968 17.4442 22.6264 18.1711
22.7078 17.75 22.6264 18.1711
22.3972 17.4625 22.6264 18.1711
22.7078 17.75 22.6264 18.1711
22.3972 17.4625 22.6264 18.1711
22.2088 17.7804 22.6264 18.1711
22.2248 18.4689 22.6264 18.1711
22.2088 17.7804 22.6264 18.1711
21.7809 18.2768 22.6264 18.1711
22.2248 18.4689 22.6264 18.1711
22.2248 18.4689 22.6264 18.1711
21.7942 19.185 22.2779 18.9747
21.7942 19.185 22.2779 18.9747
21.829 18.7745 22.2779 18.9747
21.829 18.7745 22.2779 18.9747
22.6735 18.6689 22.2779 18.9747
22.2248 18.4689 22.2779 18.9747
22.6735 18.6689 22.2779 18.9747
21.829 18.7745 22.2779 18.9747
22.2248 18.4689 22.2779 18.9747
22.2248 18.4689 22.2779 18.9747
22.652 19.0351 22.2779 18.9747
22.2654 19.3522 22.2779 18.9747
22.652 19.0351 22.2779 18.9747
23.0449 18.7258 22.2779 18.9747
22.652 19.0351 22.2779 18.9747
22.6735 18.6689 22.2779 18.9747
2.33914 14.55 2 15
2.33914 14.55 1.77665 14.5527
2 15 1.77665 14.5527
2.33914 14.55 1.77665 14.5527
2 15 1.77665 14.5527
