2 15 0
35 17 0
2.49908 15.0302 0 2 15 0
2.99817 15.0605 0 2.49908 15.0302 0
3.49725 15.0907 0 2.99817 15.0605 0
3.99634 15.121 0 3.49725 15.0907 0
4.49542 15.1512 0 3.99634 15.121 0
4.99451 15.1815 0 4.49542 15.1512 0
5.49359 15.2117 0 4.99451 15.1815 0
5.76933 14.7946 0 5.49359 15.2117 0
6.0512 14.3817 0 5.76933 14.7946 0
6.33918 13.9729 0 6.0512 14.3817 0
6.79606 13.7698 0 6.33918 13.9729 0
7.25471 13.5707 0 6.79606 13.7698 0
7.71512 13.3757 0 7.25471 13.5707 0
8.17728 13.1849 0 7.71512 13.3757 0
8.64118 12.9983 0 8.17728 13.1849 0
9.10681 12.8162 0 8.64118 12.9983 0
9.60041 12.8959 0 9.10681 12.8162 0
10.094 12.9757 0 9.60041 12.8959 0
10.5876 13.0554 0 10.094 12.9757 0
11.055 12.8777 0 10.5876 13.0554 0
11.5241 12.7048 0 11.055 12.8777 0
12.0159 12.7948 0 11.5241 12.7048 0
12.5078 12.8848 0 12.0159 12.7948 0
12.9787 12.7168 0 12.5078 12.8848 0
13.4695 12.8123 0 12.9787 12.7168 0
13.9603 12.9077 0 13.4695 12.8123 0
14.4511 13.0032 0 13.9603 12.9077 0
14.9419 13.0986 0 14.4511 13.0032 0
15.4147 12.9359 0 14.9419 13.0986 0
15.9043 13.0375 0 15.4147 12.9359 0
16.3938 13.1391 0 15.9043 13.0375 0
16.8834 13.2407 0 16.3938 13.1391 0
17.373 13.3423 0 16.8834 13.2407 0
17.8478 13.1855 0 17.373 13.3423 0
18.3358 13.294 0 17.8478 13.1855 0
18.8239 13.4026 0 18.3358 13.294 0
19.312 13.5111 0 18.8239 13.4026 0
19.8001 13.6196 0 19.312 13.5111 0
20.2881 13.7282 0 19.8001 13.6196 0
20.7762 13.8367 0 20.2881 13.7282 0
21.2643 13.9453 0 20.7762 13.8367 0
21.7524 14.0538 0 21.2643 13.9453 0
22.2404 14.1624 0 21.7524 14.0538 0
22.7285 14.2709 0 22.2404 14.1624 0
23.2166 14.3795 0 22.7285 14.2709 0
23.6935 14.2294 0 23.2166 14.3795 0
24.1792 14.3484 0 23.6935 14.2294 0
24.6592 14.2087 0 24.1792 14.3484 0
25.142 14.339 0 24.6592 14.2087 0
25.4962 13.9861 0 25.142 14.339 0
25.9845 13.8787 0 25.4962 13.9861 0
26.3624 13.5513 0 25.9845 13.8787 0
26.2908 13.0564 0 26.3624 13.5513 0
26.497 12.6009 0 26.2908 13.0564 0
25.9976 12.624 0 26.497 12.6009 0
25.5834 12.9042 0 25.9976 12.624 0
25.1815 13.2015 0 25.5834 12.9042 0
25.0011 13.6678 0 25.1815 13.2015 0
25.4909 13.5676 0 25.0011 13.6678 0
25.9831 13.4794 0 25.4909 13.5676 0
25.8731 13.2452 0 25.4909 13.5676 0
24.5112 13.7681 0 25.0011 13.6678 0
24.0238 13.8795 0 24.5112 13.7681 0
23.5428 13.7428 0 24.0238 13.8795 0
23.058 13.8649 0 23.5428 13.7428 0
22.5744 13.7379 0 23.058 13.8649 0
22.0907 13.6109 0 22.5744 13.7379 0
21.6071 13.484 0 22.0907 13.6109 0
21.1248 13.6158 0 21.6071 13.484 0
20.6391 13.4973 0 21.1248 13.6158 0
20.1533 13.3789 0 20.6391 13.4973 0
19.6676 13.2604 0 20.1533 13.3789 0
19.1818 13.1419 0 19.6676 13.2604 0
18.696 13.0234 0 19.1818 13.1419 0
18.2103 12.905 0 18.696 13.0234 0
17.7245 12.7865 0 18.2103 12.905 0
17.2446 12.9268 0 17.7245 12.7865 0
16.7573 12.815 0 17.2446 12.9268 0
16.2699 12.7032 0 16.7573 12.815 0
15.7826 12.5914 0 16.2699 12.7032 0
15.2952 12.4796 0 15.7826 12.5914 0
14.8173 12.6264 0 15.2952 12.4796 0
14.3286 12.5205 0 14.8173 12.6264 0
13.84 12.4146 0 14.3286 12.5205 0
13.3513 12.3087 0 13.84 12.4146 0
12.8627 12.2028 0 13.3513 12.3087 0
12.3865 12.3555 0 12.8627 12.2028 0
11.8967 12.2549 0 12.3865 12.3555 0
11.407 12.1543 0 11.8967 12.2549 0
10.9325 12.312 0 11.407 12.1543 0
10.4597 12.4746 0 10.9325 12.312 0
9.96798 12.384 0 10.4597 12.4746 0
9.49681 12.5513 0 9.96798 12.384 0
9.00425 12.4654 0 9.49681 12.5513 0
8.53471 12.6373 0 9.00425 12.4654 0
8.0668 12.8135 0 8.53471 12.6373 0
7.60053 12.994 0 8.0668 12.8135 0
7.13591 13.1787 0 7.60053 12.994 0
6.67294 13.3676 0 7.13591 13.1787 0
6.21165 13.5605 0 6.67294 13.3676 0
5.91205 13.9608 0 6.21165 13.5605 0
5.6184 14.3655 0 5.91205 13.9608 0
5.33073 14.7744 0 5.6184 14.3655 0
4.83213 14.737 0 5.33073 14.7744 0
4.33353 14.6996 0 4.83213 14.737 0
3.83493 14.6622 0 4.33353 14.6996 0
3.33633 14.6248 0 3.83493 14.6622 0
2.83773 14.5874 0 3.33633 14.6248 0
2.33914 14.55 0 2.83773 14.5874 0
2.4171 15.2757 0 2 15 0
2.22335 15.4473 0 2 15 0
2.83629 15.5483 0 2.4171 15.2757 0
2.45258 15.8917 0 2.22335 15.4473 0
3.25759 15.8175 0 2.83629 15.5483 0
2.87683 16.1563 0 2.45258 15.8917 0
3.681 16.0835 0 3.25759 15.8175 0
3.30313 16.4176 0 2.87683 16.1563 0
4.18078 16.0981 0 3.681 16.0835 0
3.73148 16.6755 0 3.30313 16.4176 0
4.68057 16.1127 0 4.18078 16.0981 0
4.16187 16.93 0 3.73148 16.6755 0
5.18036 16.1274 0 4.68057 16.1127 0
4.59432 17.181 0 4.16187 16.93 0
5.68014 16.142 0 5.18036 16.1274 0
5.09431 17.178 0 4.59432 17.181 0
5.91737 16.5821 0 5.68014 16.142 0
5.5943 17.175 0 5.09431 17.178 0
6.16112 17.0187 0 5.91737 16.5821 0
6.02879 17.4224 0 5.5943 17.175 0
6.5943 17.2684 0 6.16112 17.0187 0
6.4654 17.6661 0 6.02879 17.4224 0
7.02965 17.5143 0 6.5943 17.2684 0
6.90413 17.9059 0 6.4654 17.6661 0
7.46719 17.7563 0 7.02965 17.5143 0
7.34498 18.1418 0 6.90413 17.9059 0
7.9069 17.9943 0 7.46719 17.7563 0
7.78793 18.3737 0 7.34498 18.1418 0
8.40657 17.976 0 7.9069 17.9943 0
8.2873 18.3485 0 7.78793 18.3737 0
8.90623 17.9576 0 8.40657 17.976 0
8.78666 18.3233 0 8.2873 18.3485 0
9.40589 17.9393 0 8.90623 17.9576 0
9.28603 18.2981 0 8.78666 18.3233 0
9.90556 17.921 0 9.40589 17.9393 0
9.78539 18.2729 0 9.28603 18.2981 0
10.4052 17.9026 0 9.90556 17.921 0
10.2848 18.2477 0 9.78539 18.2729 0
10.9049 17.8843 0 10.4052 17.9026 0
10.7841 18.2225 0 10.2848 18.2477 0
11.4045 17.866 0 10.9049 17.8843 0
11.2292 18.4503 0 10.7841 18.2225 0
11.9042 17.8476 0 11.4045 17.866 0
11.7283 18.4199 0 11.2292 18.4503 0
12.4039 17.8293 0 11.9042 17.8476 0
12.2273 18.3894 0 11.7283 18.4199 0
12.9035 17.8109 0 12.4039 17.8293 0
12.7264 18.359 0 12.2273 18.3894 0
13.4032 17.7926 0 12.9035 17.8109 0
13.2255 18.3285 0 12.7264 18.359 0
13.9029 17.7743 0 13.4032 17.7926 0
13.7245 18.2981 0 13.2255 18.3285 0
14.4025 17.7559 0 13.9029 17.7743 0
14.2236 18.2676 0 13.7245 18.2981 0
14.9022 17.7376 0 14.4025 17.7559 0
14.7227 18.2372 0 14.2236 18.2676 0
15.4019 17.7193 0 14.9022 17.7376 0
15.2218 18.2067 0 14.7227 18.2372 0
15.9015 17.7009 0 15.4019 17.7193 0
15.7208 18.1763 0 15.2218 18.2067 0
16.4012 17.6826 0 15.9015 17.7009 0
16.2199 18.1458 0 15.7208 18.1763 0
16.9008 17.6642 0 16.4012 17.6826 0
16.719 18.1154 0 16.2199 18.1458 0
17.4005 17.6459 0 16.9008 17.6642 0
17.218 18.0849 0 16.719 18.1154 0
17.9002 17.6276 0 17.4005 17.6459 0
17.7171 18.0545 0 17.218 18.0849 0
18.3998 17.6092 0 17.9002 17.6276 0
18.2162 18.024 0 17.7171 18.0545 0
18.8995 17.5909 0 18.3998 17.6092 0
18.7153 17.9936 0 18.2162 18.024 0
19.3992 17.5725 0 18.8995 17.5909 0
19.2143 17.9631 0 18.7153 17.9936 0
19.8988 17.5542 0 19.3992 17.5725 0
19.7134 17.9327 0 19.2143 17.9631 0
20.3985 17.5359 0 19.8988 17.5542 0
20.2125 17.9022 0 19.7134 17.9327 0
20.8982 17.5175 0 20.3985 17.5359 0
20.7115 17.8718 0 20.2125 17.9022 0
21.3978 17.4992 0 20.8982 17.5175 0
21.2106 17.8413 0 20.7115 17.8718 0
21.8975 17.4809 0 21.3978 17.4992 0
21.7097 17.8109 0 21.2106 17.8413 0
22.3972 17.4625 0 21.8975 17.4809 0
22.2088 17.7804 0 21.7097 17.8109 0
22.8968 17.4442 0 22.3972 17.4625 0
22.7078 17.75 0 22.2088 17.7804 0
23.3965 17.4258 0 22.8968 17.4442 0
23.1553 17.9732 0 22.7078 17.75 0
23.8961 17.4075 0 23.3965 17.4258 0
23.6536 17.9322 0 23.1553 17.9732 0
24.3958 17.3892 0 23.8961 17.4075 0
24.1519 17.8913 0 23.6536 17.9322 0
24.8955 17.3708 0 24.3958 17.3892 0
24.6502 17.8503 0 24.1519 17.8913 0
25.3951 17.3525 0 24.8955 17.3708 0
24.4365 18.3024 0 24.6502 17.8503 0
25.8948 17.3342 0 25.3951 17.3525 0
23.9403 18.3635 0 24.4365 18.3024 0
26.3945 17.3158 0 25.8948 17.3342 0
23.444 18.4247 0 23.9403 18.3635 0
26.8941 17.2975 0 26.3945 17.3158 0
23.0449 18.7258 0 23.444 18.4247 0
27.3938 17.2791 0 26.8941 17.2975 0
22.652 19.0351 0 23.0449 18.7258 0
27.8935 17.2608 0 27.3938 17.2791 0
22.2654 19.3522 0 22.652 19.0351 0
28.3931 17.2425 0 27.8935 17.2608 0
21.7942 19.185 0 22.2654 19.3522 0
28.8928 17.2241 0 28.3931 17.2425 0
21.3009 19.2666 0 21.7942 19.185 0
29.3925 17.2058 0 28.8928 17.2241 0
20.8076 19.3483 0 21.3009 19.2666 0
29.8921 17.1875 0 29.3925 17.2058 0
20.9836 18.8803 0 20.8076 19.3483 0
30.3918 17.1691 0 29.8921 17.1875 0
21.3795 18.5749 0 20.9836 18.8803 0
30.8914 17.1508 0 30.3918 17.1691 0
21.7809 18.2768 0 21.3795 18.5749 0
31.3911 17.1324 0 30.8914 17.1508 0
21.829 18.7745 0 21.7809 18.2768 0
31.8908 17.1141 0 31.3911 17.1324 0
22.2248 18.4689 0 21.829 18.7745 0
32.3904 17.0958 0 31.8908 17.1141 0
22.6264 18.1711 0 22.2248 18.4689 0
32.8901 17.0774 0 32.3904 17.0958 0
22.6735 18.6689 0 22.6264 18.1711 0
33.3898 17.0591 0 32.8901 17.0774 0
22.2779 18.9747 0 22.6735 18.6689 0
33.8894 17.0408 0 33.3898 17.0591 0
1.77665 14.5527 0 2 15 0
34.3891 17.0224 0 33.8894 17.0408 0
2.05779 14.1392 0 1.77665 14.5527 0
34.8888 17.0041 0 34.3891 17.0224 0
