2 15
2.49908 15.0302
2.99817 15.0605
3.49725 15.0907
3.99634 15.121
4.49542 15.1512
4.99451 15.1815
5.49359 15.2117
5.76933 14.7946
6.0512 14.3817
6.33918 13.9729
6.79606 13.7698
7.25471 13.5707
7.71512 13.3757
8.17728 13.1849
8.64118 12.9983
9.10681 12.8162
9.60041 12.8959
10.094 12.9757
10.5876 13.0554
11.055 12.8777
11.5241 12.7048
12.0159 12.7948
12.5078 12.8848
12.9787 12.7168
13.4695 12.8123
13.9603 12.9077
14.4511 13.0032
14.9419 13.0986
15.4147 12.9359
15.9043 13.0375
16.3938 13.1391
16.8834 13.2407
17.373 13.3423
17.8478 13.1855
18.3358 13.294
18.8239 13.4026
19.312 13.5111
19.8001 13.6196
20.2881 13.7282
20.7762 13.8367
21.2643 13.9453
21.7524 14.0538
22.2404 14.1624
22.7285 14.2709
23.2166 14.3795
23.6935 14.2294
24.1792 14.3484
24.6592 14.2087
25.142 14.339
25.4962 13.9861
25.9845 13.8787
26.3624 13.5513
26.2908 13.0564
26.497 12.6009
25.9976 12.624
25.5834 12.9042
25.1815 13.2015
25.0011 13.6678
24.5112 13.7681
24.0238 13.8795
23.5428 13.7428
23.058 13.8649
22.5744 13.7379
22.0907 13.6109
21.6071 13.484
21.1248 13.6158
20.6391 13.4973
20.1533 13.3789
19.6676 13.2604
19.1818 13.1419
18.696 13.0234
18.2103 12.905
17.7245 12.7865
17.2446 12.9268
16.7573 12.815
16.2699 12.7032
15.7826 12.5914
15.2952 12.4796
14.8173 12.6264
14.3286 12.5205
13.84 12.4146
13.3513 12.3087
12.8627 12.2028
12.3865 12.3555
11.8967 12.2549
11.407 12.1543
10.9325 12.312
10.4597 12.4746
9.96798 12.384
9.49681 12.5513
9.00425 12.4654
8.53471 12.6373
8.0668 12.8135
7.60053 12.994
7.13591 13.1787
6.67294 13.3676
6.21165 13.5605
5.91205 13.9608
5.6184 14.3655
5.33073 14.7744
4.83213 14.737
4.33353 14.6996
3.83493 14.6622
3.33633 14.6248
2.83773 14.5874
2.33914 14.55
2 15
2.4171 15.2757
2.83629 15.5483
3.25759 15.8175
3.681 16.0835
4.18078 16.0981
4.68057 16.1127
5.18036 16.1274
5.68014 16.142
5.91737 16.5821
6.16112 17.0187
6.5943 17.2684
7.02965 17.5143
7.46719 17.7563
7.9069 17.9943
8.40657 17.976
8.90623 17.9576
9.40589 17.9393
9.90556 17.921
10.4052 17.9026
10.9049 17.8843
11.4045 17.866
11.9042 17.8476
12.4039 17.8293
12.9035 17.8109
13.4032 17.7926
13.9029 17.7743
14.4025 17.7559
14.9022 17.7376
15.4019 17.7193
15.9015 17.7009
16.4012 17.6826
16.9008 17.6642
17.4005 17.6459
17.9002 17.6276
18.3998 17.6092
18.8995 17.5909
19.3992 17.5725
19.8988 17.5542
20.3985 17.5359
20.8982 17.5175
21.3978 17.4992
21.8975 17.4809
22.3972 17.4625
22.8968 17.4442
23.3965 17.4258
23.8961 17.4075
24.3958 17.3892
24.8955 17.3708
25.3951 17.3525
25.8948 17.3342
26.3945 17.3158
26.8941 17.2975
27.3938 17.2791
27.8935 17.2608
28.3931 17.2425
28.8928 17.2241
29.3925 17.2058
29.8921 17.1875
30.3918 17.1691
30.8914 17.1508
31.3911 17.1324
31.8908 17.1141
32.3904 17.0958
32.8901 17.0774
33.3898 17.0591
33.8894 17.0408
34.3891 17.0224
