1 0
1.46154 -0.192308
1.92308 -0.384615
2.38462 -0.576923
2.84615 -0.769231
3.30769 -0.961538
3.49807 -1.42388
3.32195 -1.89183
3.55046 -2.33656
3.41482 -2.81781
3.30382 -3.30533
3.59123 -3.71448
3.52354 -4.20988
3.482 -4.70815
3.46667 -5.20791
3.47757 -5.70779
3.51464 -6.20642
3.57772 -6.70242
3.29266 -7.1132
3.39902 -7.60176
3.02241 -7.53387
2.53779 -7.65694
2.10809 -7.40129
2.00044 -6.91302
2.28819 -6.50411
2.78333 -6.43459
2.58914 -6.10483
3.08429 -6.03531
2.90341 -5.71594
3.18261 -6.73554
2.86805 -5.21719
2.52574 -5.38828
2.85733 -4.71731
2.50721 -4.88862
2.87126 -4.2175
2.51252 -4.38865
3.251 -3.89223
2.54162 -3.8895
2.90977 -3.71899
2.59441 -3.3923
2.15933 -5.04807
2.9978 -3.09687
2.15711 -4.54807
3.09126 -2.60568
2.17793 -4.04851
2.83064 -2.17898
2.22172 -3.55043
2.9643 -1.69717
2.28837 -3.05489
2.73899 -1.25082
2.6994 -2.77019
2.26936 -1.07922
2.3777 -2.56293
1.81594 -1.28997
2.48951 -2.0756
1.65851 -1.76454
2.62354 -1.59389
1.90151 -2.20152
1.52135 -2.24535
1.77926 -2.68634
1.40467 -2.73155
1.67829 -3.17604
1.30867 -3.22225
1.59876 -3.66967
1.23351 -3.71656
1.54081 -4.1663
1.17929 -4.21362
1.50453 -4.66499
1.1461 -4.71251
1.48997 -5.16477
1.13398 -5.21237
1.84854 -5.51323
1.49712 -5.66472
1.14292 -5.71229
2.21798 -5.85016
1.87049 -5.99729
1.51704 -6.044
1.17291 -6.21139
1.91511 -6.4953
1.56231 -6.54195
1.22385 -6.70878
1.61199 -6.89294
1.29565 -7.2036
1.69398 -7.38617
0.882789 -6.92157
1.01362 -7.61647
0.804286 -7.29611
0.804477 -6.42774
0.478224 -6.62775
0.391422 -7.01408
0.746339 -5.93113
0.41377 -6.13193
0.708453 -5.43257
0.368983 -5.63393
0.690869 -4.93288
0.34392 -5.13456
0.693595 -4.43288
0.338604 -4.63459
0.716612 -3.93341
0.353028 -4.1348
0.759865 -3.43529
0.387154 -3.63597
0.823267 -2.93932
0.440914 -3.13886
0.906695 -2.44633
0.514209 -2.64427
1.01 -1.95712
0.60691 -2.15293
1.13299 -1.47249
0.718859 -1.66563
1.27546 -0.993212
0.849868 -1.1831
1.72435 -0.772988
1.05523 -0.544323
0.618528 -0.739833
0.586766 -0.369573
2.29051 -1.44739
0.379076 0.0852506
0.565939 0.54902
1.03289 0.727796
0.769706 1.00562
1.48389 0.511934
1.2429 1.16714
1.93489 0.296071
1.68568 0.934876
2.38589 0.0802088
2.12846 0.702617
2.8369 -0.135654
2.57124 0.470358
3.2879 -0.351516
3.01403 0.238099
1.72022 1.316
3.45681 0.00583963
2.15649 1.07172
2.20144 1.45175
2.59275 0.827434
2.63067 1.1953
3.07397 0.963186
3.11551 1.31748
3.50257 0.705698
3.55911 1.08418
3.38478 1.73878
2.68629 1.57392
3.29817 2.23122
2.95503 1.99556
3.59697 2.63211
2.86696 2.48774
3.54527 3.12943
3.1641 2.88986
3.50769 3.62802
3.10954 3.38688
3.48387 4.12745
3.06855 3.88519
3.47345 4.62734
3.04079 4.38442
3.47608 5.12734
3.02594 4.8842
3.49143 5.6271
3.02367 5.3842
3.51916 6.12633
3.03369 5.8841
3.55896 6.62474
3.05568 6.38361
3.61051 7.12208
3.08934 6.88248
3.30433 7.51737
2.76908 7.26645
2.79273 2.9822
2.38511 6.94619
2.73202 3.4785
2.35566 6.44706
2.01134 6.61408
2.69614 6.0809
1.99751 6.11427
2.67798 5.58123
2.34928 5.75894
1.99499 5.61428
2.67178 5.08127
2.34675 5.25894
2.00402 5.11436
2.67783 4.58131
2.35617 4.75903
2.02489 4.6148
1.64815 6.27044
1.52597 4.58183
1.64995 5.77045
1.02798 4.53708
1.66304 5.27062
0.531153 4.48084
1.32735 4.90007
1.29587 5.91562
0.829025 4.85912
1.31329 5.41592
0.440503 5.17384
0.954847 5.54996
0.38832 5.67111
0.990091 1.45442
0.711285 6.05281
1.46889 1.59848
1.04565 6.42456
1.95135 1.72975
1.3911 6.78604
2.43722 1.84778
1.74732 7.1369
1.22679 1.89485
2.11398 7.47685
1.71054 2.02127
1.47946 2.32631
2.19749 2.13477
1.96752 2.43492
2.47305 2.55199
2.24695 2.84955
1.74777 2.74822
2.16984 3.34357
1.65709 3.23993
0.34679 6.16939
1.95096 3.64446
0.67768 6.54423
1.16325 3.16168
1.01952 6.90912
0.879426 2.75005
1.37202 7.26373
0.986833 2.26172
1.73485 7.60775
0.728177 1.83382
0.610075 2.3288
0.484917 1.39698
0.355518 1.89845
0.67149 3.07131
1.25257 3.53379
0.397619 2.65298
0.758727 3.45554
2.49305 -6.82734
2.90195 -7.11509
2.40935 -7.20076
2.21574 -7.88957
2.64875 -8.13957
3.0897 -8.37528
3.53836 -8.59597
2.34514 -8.37253
2.78891 -8.60291
3.23995 -8.81868
3.42213 -9.28431
3.6263 -9.74073
3.47036 -10.2158
3.71042 -10.6544
4.19625 -10.7726
3.97039 -11.0815
4.61438 -10.4984
4.46113 -11.1772
5.03251 -10.2242
4.86624 -10.8842
5.45064 -9.95007
5.27135 -10.5911
5.86877 -9.67591
5.67646 -10.298
6.2869 -9.40174
6.08157 -10.005
6.70503 -9.12758
6.48667 -9.71191
7.12316 -8.85341
6.98036 -9.79113
7.54129 -8.57924
7.37157 -9.47976
8.03082 -8.68104
7.76278 -9.16839
8.43259 -8.38342
8.25959 -9.22484
8.92714 -8.45706
8.63285 -8.89217
8.75876 -9.25355
9.42548 -8.49782
9.13203 -8.92088
9.25876 -9.25282
9.92545 -8.50324
9.63202 -8.91748
9.63417 -9.58308
10.4244 -8.47072
10.1306 -8.87988
10.1284 -9.50739
10.919 -8.3975
10.6251 -8.80584
10.6166 -9.39918
11.3454 -8.65866
11.0493 -9.07054
11.0562 -9.63736
11.8132 -8.48221
11.5002 -9.28663
11.5173 -9.83065
12.2865 -8.6435
11.6653 -8.81468
11.959 -9.5964
12.7014 -8.36449
12.7772 -8.7396
12.0695 -9.10875
13.1994 -8.40869
13.2763 -8.76934
12.382 -9.32967
13.6986 -8.37949
13.7749 -8.73279
12.8769 -9.40033
11.9953 -9.97736
14.2645 -8.63116
13.3767 -9.41431
12.4118 -9.70075
12.4854 -10.0763
13.8749 -9.37179
12.908 -9.76283
12.9829 -10.1267
14.3652 -9.27367
13.4079 -9.77249
13.4829 -10.1284
14.5944 -8.8293
13.906 -9.72992
13.9807 -10.0815
10.0372 -9.87904
14.3971 -9.63585
14.4716 -9.98678
10.5229 -9.76035
10.4645 -10.1386
10.9664 -9.99116
10.9129 -10.3598
11.4295 -10.1798
11.3789 -10.5412
11.9079 -10.3249
11.8587 -10.6816
12.3978 -10.4253
12.3489 -10.7801
12.8947 -10.4805
12.8458 -10.8361
13.3946 -10.4901
13.3456 -10.8493
13.8933 -10.4543
13.8448 -10.8198
14.3867 -10.3735
14.3396 -10.7479
7.47716 -9.84759
4.95482 -11.2565
7.85294 -9.51775
5.34952 -10.9495
5.45095 -11.3185
5.84565 -11.0116
5.949 -11.3627
6.22845 -10.6899
6.44834 -11.3883
6.61125 -10.3683
6.80633 -11.0393
7.10938 -10.4115
7.30629 -11.0456
7.60893 -10.4327
7.80606 -11.0306
7.96112 -10.0778
8.10893 -10.4307
8.30468 -10.9934
8.31332 -9.72285
8.44354 -10.0592
8.61303 -10.5998
8.81331 -9.72093
8.80103 -10.9332
8.92138 -10.2062
9.08987 -10.525
9.29386 -10.8488
9.22973 -9.81264
9.5827 -10.4407
9.78175 -10.7394
10.0702 -10.3293
10.2179 -10.9839
10.5083 -10.5702
10.6713 -11.1947
10.9647 -10.7744
11.1393 -11.3707
11.4363 -10.9406
11.6192 -11.5109
11.9198 -11.0679
12.1083 -11.6146
12.4121 -11.1555
12.6039 -11.6814
12.9098 -11.203
13.103 -11.711
13.4098 -11.2103
13.6029 -11.7033
13.9087 -11.1774
14.1009 -11.6585
14.4033 -11.1046
14.5942 -11.5769
6.9483 -11.3946
4.2497 -11.4962
7.44811 -11.3809
4.74432 -11.5693
7.82532 -11.7091
5.24112 -11.6258
8.3212 -11.645
5.73957 -11.6651
8.60906 -11.2362
6.23911 -11.6865
9.10168 -11.1507
6.73911 -11.6892
9.524 -11.4183
7.23883 -11.6727
10.0033 -11.2758
7.61729 -11.9995
10.4545 -11.4913
8.11308 -11.9347
8.01364 -12.3043
10.9199 -11.6738
8.52179 -12.2227
8.42659 -12.5862
11.3973 -11.8226
8.78527 -11.7978
8.91192 -12.4659
11.8841 -11.9369
9.27205 -11.6836
9.15206 -12.0274
12.3777 -12.0163
9.70872 -11.9272
9.39183 -12.3256
12.8758 -12.0605
10.1798 -11.7596
9.84037 -12.5465
13.3757 -12.0693
10.6412 -11.9521
10.303 -12.357
13.875 -12.0428
11.1147 -12.1127
10.7725 -12.5291
14.3712 -11.9811
11.598 -12.2408
11.2519 -12.6709
10.3016 -12.7396
12.0889 -12.3359
11.7394 -12.782
10.7737 -12.9043
12.5851 -12.3975
12.233 -12.8619
11.255 -13.0398
13.0843 -12.4255
12.7307 -12.9105
11.7436 -13.1459
13.5843 -12.4198
13.2304 -12.9275
12.2378 -13.2221
14.0828 -12.3806
13.7302 -12.913
12.7356 -13.2682
14.5775 -12.308
14.228 -12.867
13.2354 -13.2842
8.8548 -12.8443
14.6319 -13.1618
13.7352 -13.27
9.33257 -12.6969
9.29687 -13.0779
14.2332 -13.2257
9.78395 -12.912
9.75138 -13.2863
14.6353 -13.523
10.2471 -13.1003
10.2169 -13.4688
10.7206 -13.2611
10.6919 -13.6249
11.2025 -13.3941
11.1749 -13.7541
