0.659725 6.75479
0.634569 7.25416
0.609413 7.75352
0.584257 8.25289
0.935137 8.6091
1.4345 8.58382
1.93154 8.52954
2.33396 8.82629
2.40868 9.32067
2.82194 9.60212
2.91515 10.0934
3.00836 10.5846
3.43064 10.8523
3.91314 10.7212
4.38926 10.5685
4.60368 10.1168
4.80311 9.65833
4.61992 9.1931
4.43673 8.72787
4.61873 8.26217
4.78235 7.7897
5.21877 7.5457
5.64035 7.27687
6.04565 6.98406
6.43327 6.66823
6.80187 6.3304
7.15018 5.97167
7.47697 5.59325
7.41989 5.09652
7.02829 4.78564
6.52946 4.81984
6.02956 4.82996
5.5298 4.81472
5.03156 4.77278
4.70891 4.39081
4.38626 4.00884
4.39455 3.50891
4.3666 3.00969
4.65652 2.60233
4.53489 2.11735
4.73787 1.6604
4.88347 1.18207
5.30249 0.90926
5.69821 0.603645
6.07002 0.269345
6.41765 -0.0900342
6.91758 -0.0983423
7.41752 -0.106651
7.91745 -0.114959
8.41738 -0.123267
8.75189 0.3533
9.0718 0.737558
8.99568 1.23173
8.88915 1.72025
8.75259 2.20124
8.58644 2.67282
8.6531 3.3376
9.11141 3.53748
9.56972 3.73735
10.0279 3.53714
10.4934 3.71954
10.9444 3.50356
11.3878 3.27259
11.516 2.7893
11.6219 2.30063
11.3376 1.88927
11.404 1.3937
11.7909 1.07701
12.1673 0.747869
12.5331 0.407005
12.5291 -0.0929792
12.5034 -0.592317
12.456 -1.09007
12.3871 -1.58529
12.6761 -1.9933
12.5712 -2.48218
12.4458 -2.96619
12.6863 -3.40452
12.5269 -3.87842
12.3481 -4.34535
12.5385 -4.80769
1 0
1.46154 -0.192308
1.92308 -0.384615
2.38462 -0.576923
2.84615 -0.769231
3.30769 -0.961538
3.49807 -1.42388
3.32195 -1.89183
3.55046 -2.33656
3.41482 -2.81781
3.30382 -3.30533
3.59123 -3.71448
3.52354 -4.20988
3.482 -4.70815
3.46667 -5.20791
3.47757 -5.70779
3.51464 -6.20642
3.57772 -6.70242
3.29266 -7.1132
3.02241 -7.53387
2.53779 -7.65694
2.10809 -7.40129
2.00044 -6.91302
2.28819 -6.50411
2.78333 -6.43459
3.08429 -6.03531
2.90341 -5.71594
2.52574 -5.38828
2.50721 -4.88862
2.51252 -4.38865
2.54162 -3.8895
2.59441 -3.3923
2.9978 -3.09687
3.09126 -2.60568
2.83064 -2.17898
2.9643 -1.69717
2.73899 -1.25082
2.26936 -1.07922
1.81594 -1.28997
1.65851 -1.76454
1.90151 -2.20152
1.77926 -2.68634
1.67829 -3.17604
1.59876 -3.66967
1.54081 -4.1663
1.50453 -4.66499
1.48997 -5.16477
1.49712 -5.66472
1.87049 -5.99729
1.91511 -6.4953
1.61199 -6.89294
1.29565 -7.2036
0.882789 -6.92157
0.804477 -6.42774
0.746339 -5.93113
0.708453 -5.43257
0.690869 -4.93288
0.693595 -4.43288
0.716612 -3.93341
0.759865 -3.43529
0.823267 -2.93932
0.906695 -2.44633
1.01 -1.95712
1.13299 -1.47249
1.27546 -0.993212
1.05523 -0.544323
0.586766 -0.369573
0.379076 0.0852506
0.565939 0.54902
0.769706 1.00562
1.2429 1.16714
1.72022 1.316
2.20144 1.45175
2.63067 1.1953
3.11551 1.31748
3.38478 1.73878
3.29817 2.23122
3.59697 2.63211
3.54527 3.12943
3.50769 3.62802
3.48387 4.12745
3.47345 4.62734
3.47608 5.12734
3.49143 5.6271
3.51916 6.12633
3.55896 6.62474
3.61051 7.12208
3.30433 7.51737
2.76908 7.26645
2.38511 6.94619
2.01134 6.61408
1.64815 6.27044
1.64995 5.77045
1.66304 5.27062
1.32735 4.90007
0.829025 4.85912
0.440503 5.17384
0.38832 5.67111
0.34679 6.16939
