1 0
1.46154 -0.192308
1.92308 -0.384615
2.38462 -0.576923
2.84615 -0.769231
3.30769 -0.961538
3.49807 -1.42388
3.32195 -1.89183
3.55046 -2.33656
3.41482 -2.81781
3.30382 -3.30533
3.59123 -3.71448
3.52354 -4.20988
3.482 -4.70815
3.46667 -5.20791
3.47757 -5.70779
3.51464 -6.20642
3.57772 -6.70242
3.29266 -7.1132
3.39902 -7.60176
3.02241 -7.53387
2.53779 -7.65694
2.28214 -8.08664
2.10809 -7.40129
2.42051 -8.56712
2.04024 -8.52423
2.00044 -6.91302
2.86849 -8.78918
2.58026 -9.04091
2.1933 -9.00023
2.28819 -6.50411
1.91477 -6.42041
3.33681 -8.61403
3.03773 -9.24271
2.36687 -9.46913
2.78333 -6.43459
2.58914 -6.10483
2.22052 -6.02479
1.85122 -5.92447
3.49775 -9.04679
2.8298 -9.65808
2.5606 -9.93007
3.18261 -6.73554
3.08635 -6.05207
2.90341 -5.71594
2.53903 -5.63936
2.17435 -5.54291
1.8099 -5.42618
3.29846 -9.83229
3.03128 -10.0988
2.77412 -10.3822
2.86805 -5.21719
2.50852 -5.14029
2.14931 -5.04353
1.79087 -4.92654
3.52139 -10.2798
3.25896 -10.5439
3.007 -10.8246
2.85733 -4.71731
2.50184 -4.64034
2.1473 -4.54354
1.79415 -4.42655
4.0023 -10.4167
3.7647 -10.7167
3.50628 -10.9785
3.25879 -11.2566
2.87126 -4.2175
2.51896 -4.14063
2.16831 -4.04398
1.8197 -3.9272
4.43067 -10.1588
4.2514 -10.8312
4.02786 -11.1418
3.77272 -11.4016
3.52899 -11.6773
3.251 -3.89223
2.90022 -3.81715
2.55982 -3.6423
2.21227 -3.54592
1.86746 -3.42949
4.85904 -9.90091
4.66746 -10.5539
4.51932 -11.2338
4.26474 -11.4905
4.05773 -11.8124
3.8171 -12.086
4.74168 -10.9293
2.6243 -3.14648
2.27906 -3.0504
1.93731 -2.93439
5.2874 -9.64303
5.08351 -10.2766
5.01359 -11.3093
4.75939 -11.5635
4.55322 -11.8794
4.313 -12.1499
5.14784 -10.6377
5.23508 -11.0103
3.03451 -2.86061
2.69017 -2.7658
2.36852 -2.55846
2.02908 -2.44289
5.71577 -9.38515
5.49956 -9.99926
5.51018 -11.3676
5.25622 -11.6198
5.05063 -11.9303
4.81066 -12.1982
5.64124 -10.7187
5.73107 -11.0735
3.13946 -2.37175
2.79606 -2.27715
2.48043 -2.07115
2.14258 -1.95594
6.14414 -9.12727
5.91561 -9.72195
6.00855 -11.4079
5.75469 -11.6588
5.54946 -11.9644
5.30963 -12.2303
6.03604 -10.4119
6.22908 -11.1181
2.92497 -1.79405
2.61454 -1.58947
2.27756 -1.4745
6.5725 -8.86939
6.33166 -9.44464
6.50808 -11.4297
6.25425 -11.6798
6.04918 -11.9813
5.80939 -12.2457
6.43084 -10.1051
6.60006 -10.7829
6.72844 -11.1434
3.07659 -1.31759
2.72385 -1.24907
2.43373 -0.999518
7.00087 -8.61151
6.82194 -9.54274
7.00807 -11.4321
6.60606 -12.0351
6.4035 -12.3341
6.16429 -12.5979
6.92695 -10.1673
7.09942 -10.8082
7.22841 -11.1485
4.12256 -12.4818
7.42924 -8.35363
7.22477 -9.24655
7.50776 -11.4144
7.10549 -12.0113
6.97607 -12.3714
6.77525 -12.6684
6.536 -12.9324
7.30776 -9.84327
7.45576 -10.4574
7.59941 -10.8121
4.62075 -12.5243
4.44478 -12.8641
7.91449 -8.47418
7.62759 -8.95035
8.00627 -11.3758
7.60363 -11.9682
7.47356 -12.3214
7.36324 -12.6878
7.16345 -12.9835
6.9236 -13.2482
7.68857 -9.51925
7.81209 -10.1067
7.93976 -10.4458
5.12003 -12.5512
4.94434 -12.8852
4.78315 -13.2323
8.40586 -8.56668
8.12187 -9.02574
8.31457 -10.9821
8.09964 -11.9051
7.96875 -12.2522
7.85742 -12.6117
7.76646 -12.9835
7.56709 -13.2786
7.32616 -13.5448
8.18696 -9.55941
8.31207 -10.1106
5.61991 -12.5618
5.44431 -12.8905
5.28315 -13.2318
5.13704 -13.5855
8.90194 -8.62914
8.6196 -9.07339
8.62288 -10.5885
8.38901 -11.4974
8.46078 -12.1632
8.3483 -12.5167
8.25598 -12.8816
7.98512 -13.553
7.74269 -13.8214
8.68677 -9.57294
8.81161 -10.0891
5.97774 -12.911
5.80544 -13.2363
5.64793 -13.5737
5.50576 -13.9232
9.40102 -8.65943
9.11927 -9.09154
9.11923 -10.5282
8.67838 -11.0896
8.72841 -11.7409
8.94866 -12.0538
8.835 -12.4021
8.74122 -12.761
8.46894 -13.4268
8.1722 -14.0773
9.18656 -9.55833
9.30927 -10.0407
6.35168 -13.243
6.18201 -13.5653
6.02749 -13.8992
5.88864 -14.2447
9.901 -8.65526
9.61909 -9.07832
9.61174 -10.4419
9.17133 -11.0059
8.99604 -11.3185
9.19768 -11.6203
9.43133 -11.9233
9.31649 -12.2674
9.22126 -12.6212
8.94776 -13.2828
8.65037 -13.9312
9.68459 -9.51402
9.8034 -9.96435
6.74086 -13.5569
6.5732 -13.8767
6.42107 -14.2076
6.28495 -14.5496
10.3993 -8.61422
10.1169 -9.03178
10.0987 -10.3287
9.65951 -10.8978
9.48393 -11.2091
8.61364 -14.3121
9.90758 -11.7711
9.79169 -12.1118
9.69507 -12.4615
9.42072 -13.1206
9.12303 -13.7681
10.1788 -9.43836
10.2921 -9.8585
7.14442 -13.8521
6.9782 -14.1699
6.8279 -14.4983
10.8928 -8.53374
10.6102 -8.94984
10.5783 -10.1872
10.1414 -10.7644
9.96579 -11.0757
9.08415 -14.1429
9.06598 -14.5252
10.3761 -11.5963
10.2594 -11.935
10.1615 -12.2814
9.88684 -12.9397
9.58936 -13.5878
10.6669 -9.32964
10.773 -9.7218
7.56144 -14.1279
7.39614 -14.4443
11.3775 -8.41116
11.0957 -8.83037
11.0482 -10.0164
10.6152 -10.6048
9.54835 -13.9571
9.52772 -14.3334
10.5609 -11.1317
10.8353 -11.3985
10.7181 -11.7361
10.6193 -12.0804
10.3451 -12.7396
10.0484 -13.3897
11.1458 -9.18612
11.2436 -9.55284
7.99098 -14.3838
11.8291 -8.62592
11.5434 -9.05296
11.5059 -9.81513
11.079 -10.4179
10.0054 -13.7544
9.98236 -14.1253
11.0201 -10.9339
11.2835 -11.1769
11.1917 -11.8965
11.0933 -12.2397
10.7942 -12.5199
10.4993 -13.1735
8.43207 -14.6193
12.2742 -8.39813
12.3049 -8.77957
12.0139 -9.22207
11.9484 -9.58224
11.5303 -10.2028
10.4543 -13.5343
10.429 -13.9006
11.4673 -10.7104
11.7652 -11.3108
11.6233 -11.6442
11.5768 -12.3671
11.274 -12.6606
10.9408 -12.9388
11.6753 -12.0233
12.7631 -8.50257
12.7966 -8.87002
12.5008 -9.33578
12.4357 -9.69408
11.9667 -9.95866
10.8942 -13.2965
10.8668 -13.6591
11.9005 -10.4606
12.1801 -11.0317
12.1129 -11.7456
12.0677 -12.4619
11.7618 -12.7705
11.4248 -13.0644
12.1667 -12.116
13.262 -8.53631
13.2959 -8.89626
12.9976 -9.39297
12.9321 -9.75376
12.4562 -10.0607
11.3788 -13.4195
11.3523 -13.7787
12.3906 -10.5593
12.6755 -11.099
12.5096 -11.4412
12.6087 -11.8108
12.5638 -12.5239
12.2555 -12.8492
11.9155 -13.1602
12.6633 -12.1742
13.7606 -8.49937
13.7945 -8.85839
13.4976 -9.39325
13.4321 -9.76089
12.9533 -10.1141
11.8698 -13.5141
11.8437 -13.8709
12.8876 -10.6138
13.1748 -11.1256
13.0081 -11.4792
13.1079 -11.8395
13.063 -12.5528
12.7533 -12.8964
12.4112 -13.2261
13.1627 -12.1976
14.2492 -8.39317
14.2842 -8.75755
13.9944 -9.33698
13.93 -9.7157
13.4533 -10.1186
12.3655 -13.5799
12.3395 -13.9355
13.3875 -10.6238
13.6746 -11.1113
13.5081 -11.4785
13.6078 -11.8316
13.563 -12.5487
13.2531 -12.912
12.9099 -13.2618
13.6626 -12.1863
11.8612 -10.8201
14.4817 -9.22524
14.4206 -9.61895
13.9513 -10.0745
12.8641 -13.6167
12.8382 -13.9724
13.8864 -10.5894
14.1716 -11.0565
14.0066 -11.4394
14.1058 -11.7873
14.0616 -12.5115
13.7528 -12.8961
13.4099 -13.2673
14.1605 -12.1404
14.4428 -9.98241
13.364 -13.6246
13.3381 -13.9814
14.3802 -10.5111
14.5859 -11.3365
14.5993 -11.7069
14.5567 -12.4415
14.2505 -12.8486
13.9093 -13.2425
6.89734 -9.04846
13.8636 -13.6035
13.8377 -13.9626
3.50154 -9.42946
14.6553 -13.1421
14.2994 -13.5552
14.2507 -13.92
14.2227 -14.2817
1.81189 -8.96904
1.68671 -7.13215
13.7269 -14.347
1.97906 -9.44027
1.59689 -9.42046
1.59411 -6.6408
13.2284 -14.3858
2.16591 -9.90404
1.77761 -9.88665
1.39503 -9.8779
1.52291 -6.14589
12.7286 -14.3979
2.3721 -10.3595
1.97723 -10.3451
1.58877 -10.3388
1.47324 -5.64837
12.2288 -14.3835
2.59723 -10.806
2.19539 -10.795
1.80066 -10.7917
1.44516 -5.14916
11.7305 -14.3425
2.84091 -11.2426
2.43171 -11.2356
2.03034 -11.2358
1.43871 -4.6492
11.235 -14.2752
3.10268 -11.6686
2.68579 -11.6662
2.27743 -11.6705
1.45387 -4.14943
10.7438 -14.1817
3.38207 -12.0833
2.9572 -12.0862
2.54155 -12.0951
1.4906 -3.65078
10.3161 -14.4407
3.67857 -12.4859
3.24546 -12.4947
2.82225 -12.5088
1.54882 -3.15418
1.20609 -10.3408
3.99165 -12.8757
3.5501 -12.8912
3.11909 -12.9112
1.62839 -2.66055
1.41235 -10.7963
4.32074 -13.2521
3.87058 -13.275
3.4316 -13.3015
1.72914 -2.17081
1.63604 -11.2435
4.66527 -13.6145
4.20637 -13.6454
3.75926 -13.6792
1.85087 -1.68585
1.8768 -11.6817
5.02461 -13.9622
4.55691 -14.002
4.10157 -14.0436
1.99334 -1.20658
2.13426 -12.1103
5.39813 -14.2946
4.9216 -14.344
4.45797 -14.3943
1.77428 -0.757118
2.40805 -12.5287
5.78516 -14.6111
1.02987 -10.8087
1.30658 -0.580343
2.69772 -12.9362
1.27379 -6.85019
1.24816 -11.2586
0.850858 -0.786063
0.838869 -0.403568
3.00285 -13.3323
1.19587 -6.3563
1.48319 -11.6999
0.687009 -1.25845
0.633148 0.0521505
0.38315 -0.609288
3.32298 -13.7164
1.13879 -5.85957
1.73462 -12.1321
0.922496 -1.69953
0.541637 -1.73686
0.82224 0.515016
0.439561 0.513154
3.65761 -14.0879
1.10265 -5.36088
2.00207 -12.5545
1.40481 -1.83133
0.794071 -2.16845
0.414949 -2.22054
1.29016 0.691226
0.64052 0.970991
4.00625 -14.4463
1.08749 -4.86111
2.28517 -12.9667
1.02851 0.970485
1.28114 -2.28144
0.683937 -2.64202
1.73986 0.472662
1.76269 0.854664
0.858023 1.42121
1.09332 -4.36114
2.5835 -13.3679
1.50269 1.12908
1.25166 1.41793
1.17502 -2.73604
0.964701 -3.05575
2.18956 0.254099
2.20612 0.623638
1.09177 1.8632
1.12011 -3.86186
2.89664 -13.7577
1.981 1.27476
1.73143 1.5587
1.49137 1.85672
0.884961 -3.54935
2.63926 0.035535
2.64955 0.392611
1.34144 2.2964
2.2396 1.00485
3.22414 -14.1355
2.46318 1.40703
2.21485 1.68642
1.97606 1.97949
0.57595 -3.15627
3.08896 -0.183028
3.12646 0.542801
1.82871 2.40854
1.6067 2.72024
2.67622 0.7612
3.56552 -14.5008
2.8904 1.14726
2.70163 1.80062
2.4639 2.08909
2.94896 1.52543
3.53866 -0.401592
3.56245 0.298042
2.31876 2.50778
2.09771 2.8146
1.88718 3.13417
3.15724 0.897644
3.37618 1.26566
3.19149 1.90082
2.95461 2.18505
3.43802 1.62945
3.60782 0.678026
2.81132 2.59372
2.59105 2.89599
2.38129 3.21064
2.1825 3.53763
3.47919 2.30975
3.24549 2.59173
3.11011 2.99462
2.89323 3.29434
2.68714 3.60618
1.68593 3.47914
0.371161 -0.226793
3.55258 2.98631
3.42444 3.38347
3.21042 3.68085
3.0075 3.99007
1.38608 3.07903
1.19098 3.40825
0.400968 -1.00424
3.54216 4.05495
3.34192 4.36178
1.10055 2.66858
0.900975 3.00095
0.69791 3.32531
0.869457 -6.55606
3.33413 4.86172
0.829698 2.24829
0.62518 2.58389
0.417679 2.91122
0.80584 -6.06012
0.473793 -6.25037
3.33914 5.36169
0.57385 1.81871
0.363916 2.15758
0.762534 -5.562
0.42413 -5.75284
3.35663 5.86139
0.333316 1.38037
2.9829 4.70978
0.739596 -5.06253
0.394251 -5.25373
3.38628 6.36051
2.48296 4.70199
2.97511 5.20972
0.737046 -4.56254
0.38419 -4.75383
3.42778 6.85878
1.98337 4.68185
2.97968 5.7097
0.754871 -4.06285
0.393944 -4.25393
3.48083 7.35596
1.4844 4.64968
2.9963 6.20942
0.429328 -3.68335
2.62388 5.05778
0.986334 4.60577
3.02467 6.70862
0.866147 -11.2812
2.61609 5.55772
0.489407 4.55042
3.06451 7.20703
1.096 -11.7252
0.714701 -11.7577
2.62024 6.0577
2.74888 7.59482
1.34195 -12.1605
0.955682 -12.1958
0.57532 -12.2379
2.63605 6.55746
2.25149 7.64584
1.60363 -12.5866
1.21212 -12.625
0.826999 -12.6699
2.66323 7.05672
1.87052 7.32202
1.8807 -13.0028
1.48369 -13.0448
1.09354 -13.0929
0.447786 -12.7213
1.84512 6.82267
2.17278 -13.4086
1.77002 -13.4547
1.37461 -13.5065
0.709759 -13.1472
2.18826 6.45899
1.8306 6.32288
2.47947 -13.8035
2.07076 -13.8542
1.66987 -13.91
0.986021 -13.564
2.17373 5.95921
1.82719 5.82289
2.80034 -14.187
2.3855 -14.2427
1.97895 -14.303
1.27625 -13.9711
2.17068 5.45922
1.83514 5.32296
3.13497 -14.5585
2.71384 -14.6198
1.5801 -14.3682
1.49946 6.98688
2.20226 4.98352
1.33552 5.30338
1.48911 6.48699
1.13867 6.64073
1.70265 4.96394
0.83648 5.27246
1.48963 5.98699
1.14336 6.14075
1.20363 4.93264
0.454481 5.59507
1.1444 5.62531
0.800978 5.77636
0.705457 4.88992
0.412486 6.0933
0.788447 6.28387
14.6194 -14.586
0.381 6.59231
0.768721 6.78348
0.359816 7.09186
1.11562 7.14356
0.759399 7.28339
0.348734 7.59174
1.47297 7.49328
1.11357 7.63633
0.347555 8.09174
2.05317 -7.78001
0.707089 8.43921
1.62347 -7.52436
1.20659 8.41696
1.07603 8.77668
1.20173 -7.25579
1.70556 8.38482
1.57473 8.74073
0.788068 -6.97493
2.08769 8.70728
1.95919 9.0604
0.382606 -6.68235
2.5845 8.65088
2.47887 9.01869
2.35244 9.3692
3.08004 8.58426
2.97387 8.94814
2.87877 9.31882
2.75417 9.66688
3.57407 8.50724
3.46731 8.86742
3.37156 9.23419
3.24648 9.57951
3.16406 9.95322
1.45408 9.1039
3.66206 9.85753
3.58179 10.228
1.84098 9.42062
4.08539 10.1236
4.00703 10.491
2.23641 9.72661
4.33929 9.69286
4.5695 9.99855
4.4903 10.3627
4.43945 10.742
2.64008 10.0217
4.59319 9.26212
4.81449 9.56269
4.97089 10.2248
4.91895 10.6003
3.05169 10.3055
4.84708 8.83138
5.05949 9.12682
5.20413 9.7825
5.44854 10.077
5.3955 10.449
3.47091 10.578
5.10098 8.40064
5.30448 8.69096
5.43737 9.34024
5.67246 9.62991
5.86885 10.2879
3.89744 10.8389
5.35488 7.9699
5.78592 8.55599
5.67061 8.89797
5.89637 9.18285
6.08021 9.83482
6.33872 10.117
4.33095 11.0881
5.60878 7.53916
6.02082 8.1146
6.14826 8.75017
6.37082 9.02506
6.29158 9.38169
6.54033 9.65945
6.80482 9.93603
4.47448 11.567
5.86268 7.10843
6.25571 7.67321
6.37126 8.30265
6.84155 8.8565
6.76145 9.21074
7.00644 9.47848
7.26685 9.74491
4.62708 12.0432
6.11658 6.67769
6.4906 7.23182
6.59426 7.85513
7.04462 8.39959
7.30823 8.67701
7.2273 9.02913
7.46825 10.2026
4.40661 12.4919
6.37048 6.24695
6.7255 6.79043
6.81726 7.40761
7.24769 7.94269
7.50033 8.21539
4.56804 12.9652
3.93338 12.6534
6.62438 5.81621
6.96039 6.34904
7.04026 6.9601
7.45076 7.48578
4.18614 12.9407
4.3556 13.4178
3.48861 12.4249
6.87828 5.38547
7.19529 5.90765
7.51438 6.80134
3.45736 12.8063
3.71291 13.1021
4.52543 13.888
3.88533 13.5876
3.34768 11.9452
3.04974 12.1854
7.13217 4.95474
7.43018 5.46626
7.3428 6.3317
3.01666 12.5702
3.23696 13.2553
4.32076 14.3442
3.41222 13.7494
3.59516 11.5107
3.21546 11.463
2.92093 11.7022
7.38607 4.524
2.61704 11.9348
7.56614 5.88435
2.58193 12.3231
2.79605 13.0195
3.85345 14.5221
2.96705 13.5217
2.93647 13.9032
4.07736 11.3785
3.47092 11.0332
3.09217 10.9784
2.80089 11.2169
7.63997 4.09326
2.50042 11.4486
2.19078 11.6735
2.15345 12.0655
2.36097 12.7731
3.40068 14.3099
2.52741 13.2836
2.49512 13.6682
2.45824 14.0491
2.66723 10.7149
2.37764 10.9507
7.51493 3.60915
2.07897 11.1796
1.77123 11.4015
1.73147 11.7973
1.93196 12.5163
2.92671 14.4692
2.09354 13.0351
2.05937 13.423
2.02076 13.807
1.97771 14.1873
2.24945 10.4403
1.96147 10.6735
1.66454 10.8999
1.35865 11.119
1.31625 11.5187
1.50927 12.2492
2.45023 14.6207
1.66569 12.7764
1.62946 13.1677
1.58896 13.555
1.54415 13.9382
1.49503 14.3178
1.83911 10.1545
1.55268 10.3856
1.25741 10.6096
0.95331 10.8263
0.908039 11.23
1.09314 11.972
1.2441 12.5075
1.20563 12.9025
1.16305 13.293
1.11633 13.6795
1.06544 14.0619
1.01035 14.4406
1.43652 9.85804
1.15153 10.0872
0.857849 10.309
0.555455 10.5235
0.507086 10.9312
0.683827 11.6849
0.828998 12.2288
0.788095 12.6274
0.743272 13.0214
0.694471 13.4111
0.641652 13.7966
0.584781 14.1781
1.04193 9.55095
0.758303 9.77835
0.466106 9.99833
0.523838 14.5559
0.42062 11.9403
0.37709 12.3427
4.14316 13.8704
0.655641 9.2335
0.373251 9.45939
3.67289 14.0402
0.356085 8.59167
4.2457 12.0116
2.80411 -7.21956
6.79626 10.3186
6.51969 10.5831
2.30224 6.92971
7.26103 4.03989
1.61272 -1.24621
10.8216 -14.5564
1.21032 -14.4667
14.5116 -12.0794
3.76955 12.1642
2.38344 -6.9493
7.2597 10.5063
0.413291 11.3023
7.15204 3.55191
1.13785 -1.08968
6.69306 -8.38414
6.31463 -8.44102
6.08726 -8.74884
7.61629 4.82969
7.00713 4.47063
6.70144 4.70084
6.83891 3.7719
