13 -5
1.46154 -0.192308 1 0
12.5385 -4.80769 13 -5
1.92308 -0.384615 1.46154 -0.192308
2.38462 -0.576923 1.92308 -0.384615
2.84615 -0.769231 2.38462 -0.576923
12.3481 -4.34535 12.5385 -4.80769
3.30769 -0.961538 2.84615 -0.769231
12.5269 -3.87842 12.3481 -4.34535
3.49807 -1.42388 3.30769 -0.961538
12.6863 -3.40452 12.5269 -3.87842
12.4458 -2.96619 12.6863 -3.40452
3.32195 -1.89183 3.49807 -1.42388
3.55046 -2.33656 3.32195 -1.89183
12.5712 -2.48218 12.4458 -2.96619
3.41482 -2.81781 3.55046 -2.33656
12.6761 -1.9933 12.5712 -2.48218
12.3871 -1.58529 12.6761 -1.9933
3.30382 -3.30533 3.41482 -2.81781
3.59123 -3.71448 3.30382 -3.30533
12.456 -1.09007 12.3871 -1.58529
3.52354 -4.20988 3.59123 -3.71448
12.5034 -0.592317 12.456 -1.09007
3.482 -4.70815 3.52354 -4.20988
12.5291 -0.0929792 12.5034 -0.592317
3.46667 -5.20791 3.482 -4.70815
12.5331 0.407005 12.5291 -0.0929792
12.1673 0.747869 12.5331 0.407005
3.47757 -5.70779 3.46667 -5.20791
11.6684 0.714459 12.1673 0.747869
3.51464 -6.20642 3.47757 -5.70779
3.57772 -6.70242 3.51464 -6.20642
11.7909 1.07701 12.1673 0.747869
11.404 1.3937 11.7909 1.07701
3.29266 -7.1132 3.57772 -6.70242
3.39902 -7.60176 3.29266 -7.1132
11.3376 1.88927 11.404 1.3937
3.02241 -7.53387 3.29266 -7.1132
11.6219 2.30063 11.3376 1.88927
11.516 2.7893 11.6219 2.30063
2.53779 -7.65694 3.02241 -7.53387
11.3878 3.27259 11.516 2.7893
2.28214 -8.08664 2.53779 -7.65694
10.9444 3.50356 11.3878 3.27259
2.42051 -8.56712 2.28214 -8.08664
10.4728 3.33742 10.9444 3.50356
2.86849 -8.78918 2.42051 -8.56712
10.4934 3.71954 10.9444 3.50356
3.33681 -8.61403 2.86849 -8.78918
10.0012 3.17127 10.4728 3.33742
3.32349 -8.99648 2.86849 -8.78918
10.0279 3.53714 10.4934 3.71954
9.52961 3.00512 10.0012 3.17127
9.56972 3.73735 10.0279 3.53714
9.05802 2.83897 9.52961 3.00512
9.11141 3.53748 9.56972 3.73735
3.51436 -9.45862 3.32349 -8.99648
8.58644 2.67282 9.05802 2.83897
8.6531 3.3376 9.11141 3.53748
3.34479 -9.92898 3.51436 -9.45862
8.37046 2.22188 8.58644 2.67282
3.57213 -10.3743 3.34479 -9.92898
3.19065 -10.4046 3.34479 -9.92898
4.05437 -10.5064 3.57213 -10.3743
3.43193 -10.8426 3.19065 -10.4046
4.48017 -10.2443 4.05437 -10.5064
8.75259 2.20124 8.58644 2.67282
3.91793 -10.96 3.43193 -10.8426
4.90597 -9.98218 4.48017 -10.2443
8.51477 1.74316 8.37046 2.22188
4.4075 -11.0617 3.91793 -10.96
5.33177 -9.72008 4.90597 -9.98218
8.88915 1.72025 8.75259 2.20124
4.81606 -10.7734 4.4075 -11.0617
5.75757 -9.45799 5.33177 -9.72008
5.22463 -10.4852 4.81606 -10.7734
8.62775 1.25609 8.51477 1.74316
6.18337 -9.19589 5.75757 -9.45799
5.63319 -10.197 5.22463 -10.4852
8.99568 1.23173 8.88915 1.72025
6.60917 -8.9338 6.18337 -9.19589
6.04176 -9.90875 5.63319 -10.197
7.03497 -8.6717 6.60917 -8.9338
8.709 0.762734 8.62775 1.25609
6.45032 -9.62053 6.04176 -9.90875
7.46077 -8.4096 7.03497 -8.6717
9.0718 0.737558 8.99568 1.23173
6.85889 -9.3323 6.45032 -9.62053
8.39197 0.376087 8.709 0.762734
7.94719 -8.52536 7.46077 -8.4096
8.75189 0.3533 9.0718 0.737558
7.26746 -9.04408 6.85889 -9.3323
8.41738 -0.123267 8.39197 0.376087
8.43944 -8.61301 7.94719 -8.52536
7.67602 -8.75585 7.26746 -9.04408
8.77465 -0.146182 8.75189 0.3533
8.93612 -8.67059 8.43944 -8.61301
7.91745 -0.114959 8.41738 -0.123267
8.058 -0.470897 8.41738 -0.123267
8.16873 -8.84094 7.67602 -8.75585
8.41452 -0.493027 8.77465 -0.146182
7.41752 -0.106651 7.91745 -0.114959
7.55911 -0.437612 8.058 -0.470897
9.43547 -8.69598 8.93612 -8.67059
8.38134 -0.991925 8.41452 -0.493027
8.47988 -9.23233 8.16873 -8.84094
6.91758 -0.0983423 7.41752 -0.106651
9.93539 -8.68693 9.43547 -8.69598
7.1828 -0.766845 7.55911 -0.437612
8.97961 -9.24876 8.47988 -9.23233
7.98385 -1.29524 8.38134 -0.991925
8.82163 -9.59731 8.47988 -9.23233
6.41765 -0.0900342 6.91758 -0.0983423
6.6866 -0.705302 7.1828 -0.766845
10.4333 -8.64104 9.93539 -8.68693
6.78842 -1.07419 7.1828 -0.766845
7.49223 -1.20406 7.98385 -1.29524
9.47942 -9.23495 8.97961 -9.24876
9.32106 -9.57347 8.82163 -9.59731
6.07002 0.269345 6.41765 -0.0900342
10.926 -8.55578 10.4333 -8.64104
9.97732 -9.18909 9.47942 -9.23495
7.57175 -1.57839 7.98385 -1.29524
9.81815 -9.51958 9.32106 -9.57347
6.37629 -1.3573 6.78842 -1.07419
11.4095 -8.42851 10.926 -8.55578
7.08014 -1.48722 7.49223 -1.20406
5.57073 0.24282 6.07002 0.269345
10.4709 -9.10926 9.97732 -9.18909
7.14541 -1.8396 7.57175 -1.57839
10.3108 -9.43402 9.81815 -9.51958
11.8631 -8.63893 11.4095 -8.42851
5.69821 0.603645 6.07002 0.269345
10.9573 -8.99348 10.4709 -9.10926
6.6527 -1.74664 7.08014 -1.48722
10.7964 -9.31506 10.3108 -9.43402
5.07143 0.216295 5.57073 0.24282
12.306 -8.4069 11.8631 -8.63893
11.4331 -8.83972 10.9573 -8.99348
7.00202 -2.3186 7.14541 -1.8396
11.2721 -9.16099 10.7964 -9.31506
5.30249 0.90926 5.69821 0.603645
12.7959 -8.50671 12.306 -8.4069
6.50509 -2.22436 6.6527 -1.74664
4.57214 0.18977 5.07143 0.216295
11.896 -9.02863 11.4331 -8.83972
6.82185 -2.78501 7.00202 -2.3186
4.81329 0.805877 5.30249 0.90926
11.7339 -9.35274 11.2721 -9.16099
13.2951 -8.53576 12.7959 -8.50671
12.3304 -8.78109 11.896 -9.02863
4.88347 1.18207 5.30249 0.90926
12.214 -9.4924 11.7339 -9.35274
13.7933 -8.49418 13.2951 -8.53576
6.35034 -2.95138 6.82185 -2.78501
6.60608 -3.23606 6.82185 -2.78501
12.8228 -8.86828 12.3304 -8.78109
12.6231 -9.20507 12.214 -9.4924
4.39427 1.07869 4.81329 0.805877
14.2809 -8.38348 13.7933 -8.49418
13.3223 -8.89116 12.8228 -8.86828
4.73787 1.6604 4.88347 1.18207
13.1212 -9.2497 12.6231 -9.20507
6.35611 -3.66909 6.60608 -3.23606
12.7065 -9.57858 12.214 -9.4924
13.8206 -8.84989 13.3223 -8.89116
8.31475 -1.48747 8.38134 -0.991925
13.621 -9.23545 13.1212 -9.2497
4.53489 2.11735 4.73787 1.6604
13.2054 -9.61056 12.7065 -9.57858
6.44798 -4.16058 6.35611 -3.66909
14.3096 -8.74566 13.8206 -8.84989
7.89783 -1.76348 8.31475 -1.48747
14.1157 -9.16292 13.621 -9.23545
4.65652 2.60233 4.53489 2.11735
13.7049 -9.58831 13.2054 -9.61056
6.51438 -4.65615 6.44798 -4.16058
7.46772 -2.01844 7.89783 -1.76348
4.3666 3.00969 4.65652 2.60233
6.55643 -5.15438 6.51438 -4.65615
9.19164 -9.9336 8.82163 -9.59731
7.31877 -2.49574 7.46772 -2.01844
14.5986 -9.03349 14.1157 -9.16292
14.1992 -9.51238 13.7049 -9.58831
4.39455 3.50891 4.3666 3.00969
9.68755 -9.86977 9.19164 -9.9336
6.57518 -5.65403 6.55643 -5.15438
7.13509 -2.96078 7.31877 -2.49574
9.58743 -10.2391 9.19164 -9.9336
4.38626 4.00884 4.39455 3.50891
14.6316 -9.76327 14.1992 -9.51238
6.57167 -6.15402 6.57518 -5.65403
10.1787 -9.77628 9.68755 -9.86977
6.91778 -3.41109 7.13509 -2.96078
10.0766 -10.1358 9.58743 -10.2391
4.70891 4.39081 4.38626 4.00884
10.0064 -10.512 9.58743 -10.2391
6.54687 -6.6534 6.57167 -6.15402
10.663 -9.65168 10.1787 -9.77628
6.66808 -3.84427 6.91778 -3.41109
4.66697 4.88905 4.70891 4.39081
10.5588 -10.0035 10.0766 -10.1358
5.20715 4.43276 4.70891 4.39081
10.4858 -10.3701 10.0064 -10.512
6.50171 -7.15136 6.54687 -6.6534
11.1376 -9.49448 10.663 -9.65168
6.76223 -4.33533 6.66808 -3.84427
11.0316 -9.84075 10.5588 -10.0035
4.59627 5.38402 4.66697 4.88905
10.9559 -10.1998 10.4858 -10.3701
5.56981 4.08855 5.20715 4.43276
6.43707 -7.64716 6.50171 -7.15136
11.5995 -9.68588 11.1376 -9.49448
6.83219 -4.83041 6.76223 -4.33533
11.4948 -10.0291 11.0316 -9.84075
5.70698 4.44581 5.20715 4.43276
5.54206 3.58932 5.56981 4.08855
11.4213 -10.3827 10.9559 -10.1998
12.0786 -9.82906 11.5995 -9.68588
5.9032 3.71592 5.56981 4.08855
6.87896 -5.32822 6.83219 -4.83041
11.9738 -10.1725 11.4948 -10.0291
6.0503 4.08231 5.70698 4.44581
11.9011 -10.5234 11.4213 -10.3827
6.20677 4.43155 5.70698 4.44581
12.5697 -9.92278 12.0786 -9.82906
6.39852 3.64769 5.9032 3.71592
12.4642 -10.2698 11.9738 -10.1725
6.9035 -5.82762 6.87896 -5.32822
12.3914 -10.621 11.9011 -10.5234
6.54752 4.02961 6.0503 4.08231
13.0678 -9.96631 12.5697 -9.92278
6.70517 4.39146 6.20677 4.43155
12.9616 -10.3203 12.4642 -10.2698
6.88941 3.55268 6.39852 3.64769
12.8885 -10.6748 12.3914 -10.621
6.90674 -6.3276 6.9035 -5.82762
13.5678 -9.95949 13.0678 -9.96631
7.04135 3.95134 6.54752 4.02961
13.4616 -10.3239 12.9616 -10.3203
7.20099 4.32695 6.70517 4.39146
13.3884 -10.6846 12.8885 -10.6748
7.37477 3.43257 6.88941 3.55268
14.0645 -9.90262 13.5678 -9.95949
6.88955 -6.82731 6.90674 -6.3276
13.9598 -10.2808 13.4616 -10.3239
7.53076 3.84898 7.04135 3.95134
13.8873 -10.6505 13.3884 -10.6846
7.61103 4.61307 7.20099 4.32695
14.485 -10.1731 14.0645 -9.90262
5.03156 4.77278 4.70891 4.39081
14.3708 -10.5654 13.9598 -10.2808
6.85278 -7.32595 6.88955 -6.82731
14.2914 -10.945 13.8873 -10.6505
8.21511 -1.97744 8.31475 -1.48747
10.4458 -10.7506 10.0064 -10.512
5.5298 4.81472 5.03156 4.77278
4.98961 5.27102 5.03156 4.77278
7.78068 -2.22497 8.21511 -1.97744
13.8028 -11.0511 14.2914 -10.945
8.08295 -2.45966 8.21511 -1.97744
14.021 -11.3655 14.2914 -10.945
6.02956 4.82996 5.5298 4.81472
10.9124 -10.571 10.4458 -10.7506
13.3071 -11.1169 13.8028 -11.0511
13.5273 -11.4447 14.021 -11.3655
7.62479 -2.70005 7.78068 -2.22497
11.3806 -10.7465 10.9124 -10.571
7.91893 -2.93199 8.08295 -2.45966
12.8078 -11.1419 13.3071 -11.1169
6.52946 4.81984 6.02956 4.82996
13.0289 -11.4855 13.5273 -11.4447
11.8619 -10.8821 11.3806 -10.7465
7.43608 -3.16307 7.62479 -2.70005
7.72384 -3.39236 7.91893 -2.93199
12.308 -11.1263 12.8078 -11.1419
7.02829 4.78564 6.52946 4.81984
12.5289 -11.4877 13.0289 -11.4855
7.21554 -3.6118 7.43608 -3.16307
13.7279 -11.7706 14.021 -11.3655
7.49862 -3.83876 7.72384 -3.39236
7.41989 5.09652 7.02829 4.78564
11.917 -11.4379 12.308 -11.1263
6.96433 -4.04412 7.21554 -3.6118
12.1507 -11.8147 12.5289 -11.4877
7.24432 -4.26926 7.49862 -3.83876
13.2307 -11.824 13.7279 -11.7706
7.47697 5.59325 7.41989 5.09652
11.4239 -11.355 11.917 -11.4379
11.6545 -11.7529 12.1507 -11.8147
12.731 -11.8409 13.2307 -11.824
10.9386 -11.2346 11.4239 -11.355
5.3542 5.15474 5.03156 4.77278
11.1642 -11.6552 11.6545 -11.7529
7.33663 -4.76067 7.24432 -4.26926
7.15018 5.97167 7.47697 5.59325
12.3638 -12.1803 12.731 -11.8409
7.51348 6.09191 7.47697 5.59325
5.85244 5.19669 5.3542 5.15474
10.492 -11.4593 10.9386 -11.2346
7.40693 -5.2557 7.33663 -4.76067
6.65023 5.97904 7.15018 5.97167
10.7293 -11.902 11.1642 -11.6552
7.17195 6.45709 7.51348 6.09191
11.8658 -12.1362 12.3638 -12.1803
11.9805 -12.5013 12.3638 -12.1803
6.35215 5.21381 5.85244 5.19669
10.0259 -11.2784 10.492 -11.4593
7.45605 -5.75328 7.40693 -5.2557
10.2544 -11.7457 10.7293 -11.902
6.30681 5.61563 6.65023 5.97904
6.67207 6.4458 7.17195 6.45709
11.372 -12.0577 11.8658 -12.1362
11.485 -12.434 11.9805 -12.5013
6.85211 5.20726 6.35215 5.21381
9.57401 -11.0643 10.0259 -11.2784
7.48478 -6.25246 7.45605 -5.75328
9.79127 -11.5573 10.2544 -11.7457
5.80701 5.6015 6.30681 5.61563
10.948 -12.3228 11.372 -12.0577
6.17309 6.41394 6.67207 6.4458
11.068 -12.7098 11.485 -12.434
9.44009 -10.5826 9.57401 -11.0643
6.8105 6.80257 7.17195 6.45709
9.34216 -11.3375 9.79127 -11.5573
7.4939 -6.75237 7.48478 -6.25246
10.4666 -12.1878 10.948 -12.3228
5.30847 5.56345 5.80701 5.6015
10.583 -12.5883 11.068 -12.7098
10.6391 -12.9668 11.068 -12.7098
5.67593 6.3607 6.17309 6.41394
6.31204 6.76336 6.8105 6.80257
7.13352 -7.09896 7.4939 -6.75237
9.01851 -10.3137 9.44009 -10.5826
7.48415 -7.25228 7.4939 -6.75237
9.21269 -10.8545 9.34216 -11.3375
9.99499 -12.0216 10.4666 -12.1878
10.1066 -12.4365 10.583 -12.5883
10.1597 -12.8247 10.6391 -12.9668
5.27307 6.65685 5.67593 6.3607
8.61837 -10.0139 9.01851 -10.3137
5.81561 6.7037 6.31204 6.76336
7.09713 -7.59764 7.13352 -7.09896
10.1997 -13.2053 10.6391 -12.9668
9.53531 -11.8249 9.99499 -12.0216
7.81741 -7.62502 7.48415 -7.25228
4.78456 6.55031 5.27307 6.65685
9.64059 -12.2552 10.1066 -12.4365
4.8523 6.92695 5.27307 6.65685
9.6897 -12.6541 10.1597 -12.8247
5.40953 6.99541 5.81561 6.7037
8.24188 -9.68491 8.61837 -10.0139
9.72645 -13.0438 10.1997 -13.2053
9.08947 -11.5986 9.53531 -11.8249
9.18687 -12.0451 9.64059 -12.2552
6.43031 7.12731 6.8105 6.80257
9.23078 -12.4557 9.6897 -12.6541
7.89107 -9.32862 8.24188 -9.68491
4.35162 6.80044 4.78456 6.55031
9.26333 -12.8554 9.72645 -13.0438
4.41533 7.16996 4.8523 6.92695
8.96557 -11.1142 9.08947 -11.5986
4.98655 7.26203 5.40953 6.99541
5.93482 7.06035 6.43031 7.12731
8.74714 -11.8071 9.18687 -12.0451
8.78456 -12.2301 9.23078 -12.4557
6.0326 7.43033 6.43031 7.12731
8.65934 -11.3437 9.08947 -11.5986
7.5302 6.59163 7.51348 6.09191
8.81181 -12.6406 9.26333 -12.8554
4.54825 7.50264 4.98655 7.26203
8.54824 -10.8388 8.96557 -11.1142
5.525 7.34679 5.93482 7.06035
8.3231 -11.5422 8.74714 -11.8071
5.61862 7.71072 6.0326 7.43033
7.17499 6.94353 7.5302 6.59163
8.35262 -11.9782 8.78456 -12.2301
4.37979 7.97341 4.54825 7.50264
8.24669 -11.0613 8.65934 -11.3437
8.37337 -12.4002 8.81181 -12.6406
5.09927 7.60901 5.525 7.34679
8.48145 -10.3433 8.54824 -10.8388
5.18968 7.96765 5.61862 7.71072
7.91635 -11.2514 8.3231 -11.5422
6.80137 7.2758 7.17499 6.94353
7.93647 -11.7011 8.35262 -11.9782
4.57493 8.43376 4.37979 7.97341
8.18665 -10.5649 8.24669 -11.0613
7.9494 -12.1352 8.37337 -12.4002
7.52786 7.09163 7.5302 6.59163
4.7122 7.81927 5.18968 7.96765
8.09966 -10.0204 8.48145 -10.3433
7.86511 -10.754 7.91635 -11.2514
6.41043 7.58752 6.80137 7.2758
5.03842 8.6213 4.57493 8.43376
7.53755 -11.3996 7.93647 -11.7011
7.15998 7.43026 7.52786 7.09163
7.80849 -10.2378 8.18665 -10.5649
7.50718 7.5912 7.52786 7.09163
7.5413 -11.8463 7.9494 -12.1352
6.00333 7.87781 6.41043 7.58752
5.49121 8.4092 5.03842 8.6213
7.74186 -9.67116 8.09966 -10.0204
6.77506 7.74937 7.15998 7.43026
7.12756 7.91661 7.50718 7.5912
7.49206 -10.4211 7.86511 -10.754
7.46884 8.08973 7.50718 7.5912
7.49817 -10.9012 7.53755 -11.3996
7.15724 -11.075 7.53755 -11.3996
5.89443 8.3658 6.00333 7.87781
7.45337 -9.88585 7.80849 -10.2378
7.15035 -11.5346 7.5413 -11.8463
5.34591 8.88762 5.49121 8.4092
6.37414 8.04815 6.77506 7.74937
7.14132 -10.0648 7.49206 -10.4211
6.73216 8.22265 7.12756 7.91661
7.07834 8.40199 7.46884 8.08973
7.13245 -10.5602 7.49817 -10.9012
6.79687 -10.7284 7.15724 -11.075
5.7678 8.8495 5.89443 8.3658
7.48497 -9.38685 7.45337 -9.88585
4.89673 9.10726 5.34591 8.88762
6.77781 -11.2011 7.15035 -11.5346
7.17757 -9.56609 7.14132 -10.0648
6.81433 -9.68652 7.14132 -10.0648
6.27645 8.53851 6.37414 8.04815
6.78853 -10.1973 7.13245 -10.5602
6.45765 -10.3611 6.79687 -10.7284
6.64432 8.71487 6.73216 8.22265
7.57202 8.48121 7.07834 8.40199
6.42486 -10.847 6.77781 -11.2011
5.62424 9.32845 5.7678 8.8495
4.4326 8.92129 4.89673 9.10726
6.16155 9.02513 6.27645 8.53851
6.53976 9.20382 6.64432 8.71487
4.43704 9.30395 4.89673 9.10726
5.17626 9.55052 5.62424 9.32845
9.75085 -13.4257 10.1997 -13.2053
5.4645 9.80225 5.62424 9.32845
6.03017 9.50756 6.16155 9.02513
6.41917 9.68906 6.53976 9.20382
11.5825 -12.804 11.9805 -12.5013
4.71814 9.75084 5.17626 9.55052
6.07091 -10.678 6.45765 -10.3611
5.00947 10.0095 5.4645 9.80225
5.28929 10.2705 5.4645 9.80225
5.883 9.98541 6.03017 9.50756
6.28319 10.1702 6.41917 9.68906
4.25096 9.92899 4.71814 9.75084
4.54532 10.1954 5.00947 10.0095
9.28434 -13.2458 9.75085 -13.4257
4.82791 10.4632 5.28929 10.2705
9.29377 -13.6284 9.75085 -13.4257
11.1715 -13.0887 11.5825 -12.804
5.7207 10.4583 5.883 9.98541
6.13242 10.6469 6.28319 10.1702
5.57335 -10.6286 6.07091 -10.678
8.82848 -13.0404 9.28434 -13.2458
3.77578 10.0846 4.25096 9.92899
8.83436 -13.4311 9.29377 -13.6284
4.07306 10.3596 4.54532 10.1954
10.7487 -13.3556 11.1715 -13.0887
4.35834 10.635 4.82791 10.4632
5.17487 -10.9306 5.57335 -10.6286
8.38466 -12.8102 8.82848 -13.0404
8.38609 -13.2096 8.83436 -13.4311
10.3153 -13.605 10.7487 -13.3556
5.10665 -11.426 5.17487 -10.9306
4.82633 8.16851 5.03842 8.6213
7.9542 -12.5558 8.38466 -12.8102
3.64309 9.6025 3.77578 10.0846
7.95021 -12.9646 8.38609 -13.2096
3.59371 10.5018 4.07306 10.3596
9.87248 -13.8372 10.3153 -13.605
5.42232 -11.8137 5.10665 -11.426
3.88155 10.7856 4.35834 10.635
7.53839 -12.2781 7.9542 -12.5558
3.34108 9.83752 3.77578 10.0846
7.52793 -12.6969 7.95021 -12.9646
3.5104 9.12043 3.64309 9.6025
9.42123 -14.0525 9.87248 -13.8372
3.16569 10.2434 3.59371 10.5018
5.92162 -11.8402 5.42232 -11.8137
3.10829 10.6217 3.59371 10.5018
7.13847 -11.978 7.53839 -12.2781
3.39849 10.9146 3.88155 10.7856
3.22532 9.35111 3.34108 9.83752
7.12042 -12.4072 7.52793 -12.6969
3.37771 8.63836 3.5104 9.12043
8.95625 -13.8687 9.42123 -14.0525
8.96245 -14.2513 9.42123 -14.0525
2.74665 9.97059 3.16569 10.2434
6.28117 -11.4928 5.92162 -11.8402
2.69267 10.3438 3.10829 10.6217
6.75562 -11.6564 7.13847 -11.978
2.91015 11.0219 3.39849 10.9146
6.7288 -12.0963 7.12042 -12.4072
2.79952 9.08901 3.22532 9.35111
8.50131 -13.6613 8.95625 -13.8687
8.50419 -14.0513 8.96245 -14.2513
2.94301 8.39131 3.37771 8.63836
2.66038 9.47809 2.74665 9.97059
8.497 -14.434 8.96245 -14.2513
2.28666 10.0519 2.69267 10.3438
2.50141 10.734 2.91015 11.0219
2.38404 8.81086 2.79952 9.08901
6.42155 -11.8488 5.92162 -11.8402
2.41749 11.1073 2.91015 11.0219
2.25112 9.19084 2.66038 9.47809
2.22318 9.55599 2.28666 10.0519
8.05759 -13.4308 8.50131 -13.6613
1.89108 9.74614 2.28666 10.0519
8.05639 -13.8289 8.50419 -14.0513
2.10229 10.4328 2.50141 10.734
8.04576 -14.2186 8.497 -14.434
8.02563 -14.6007 8.497 -14.434
1.9799 8.51645 2.38404 8.81086
2.02202 10.8014 2.41749 11.1073
1.85311 8.88821 2.25112 9.19084
1.8276 9.25019 2.22318 9.55599
6.07518 -12.2094 6.42155 -11.8488
1.5068 9.42625 1.89108 9.74614
7.62625 -13.1779 8.05759 -13.4308
1.71355 10.1183 2.10229 10.4328
7.62013 -13.5846 8.05639 -13.8289
7.60534 -13.9819 8.04576 -14.2186
1.48318 8.5736 1.9799 8.51645
7.58168 -14.3707 8.02563 -14.6007
6.08525 -12.7093 6.07518 -12.2094
1.63674 10.4827 2.02202 10.8014
7.20839 -12.9034 7.62625 -13.1779
1.3554 8.93598 1.85311 8.88821
7.19645 -13.3191 7.62013 -13.5846
7.17671 -13.7244 7.60534 -13.9819
1.92151 11.1706 2.41749 11.1073
7.14883 -14.1204 7.58168 -14.3707
6.45746 -13.0431 6.08525 -12.7093
1.00752 9.45309 1.5068 9.42625
6.80508 -12.6078 7.20839 -12.9034
1.336 9.79054 1.71355 10.1183
6.7042 -13.4068 7.19645 -13.3191
0.983969 8.60174 1.48318 8.5736
1.2624 10.1512 1.63674 10.4827
6.68636 -13.8222 7.17671 -13.7244
6.66034 -14.2271 7.14883 -14.1204
0.855791 8.95585 1.3554 8.93598
1.54009 10.8473 1.92151 11.1706
6.40629 -12.5458 6.45746 -13.0431
0.507524 9.45349 1.00752 9.45309
0.836294 9.80769 1.336 9.79054
5.96009 -13.0943 6.45746 -13.0431
0.631075 8.24752 0.983969 8.60174
0.762567 10.1642 1.2624 10.1512
6.20927 -13.4779 6.7042 -13.4068
0.507976 8.59665 0.855791 8.95585
1.16939 10.5118 1.54009 10.8473
6.19309 -13.904 6.68636 -13.8222
6.16873 -14.3183 6.66034 -14.2271
0.355856 8.9478 0.855791 8.95585
5.71303 -12.3754 6.08525 -12.7093
1.42321 11.2117 1.92151 11.1706
5.58281 -12.7662 5.96009 -13.0943
0.653419 7.74802 0.631075 8.24752
0.417366 9.80244 0.762567 10.1642
5.7123 -13.5328 6.20927 -13.4779
5.69749 -13.9701 6.19309 -13.904
0.400853 10.5094 0.762567 10.1642
5.67455 -14.3944 6.16873 -14.3183
5.21304 -12.3784 5.71303 -12.3754
0.75089 10.664 0.762567 10.1642
5.08295 -12.7777 5.58281 -12.7662
5.33209 -13.2081 5.7123 -13.5328
5.30973 -13.6545 5.69749 -13.9701
5.20009 -14.0211 5.69749 -13.9701
5.17834 -14.4558 5.67455 -14.3944
1.05657 10.8718 1.42321 11.2117
4.86914 -12.0155 5.21304 -12.3784
0.923561 11.2306 1.42321 11.2117
4.73255 -12.421 5.08295 -12.7777
0.675762 7.24852 0.653419 7.74802
4.83238 -13.2251 5.33209 -13.2081
4.8106 -13.6839 5.30973 -13.6545
0.372394 11.0085 0.400853 10.5094
4.7014 -14.0573 5.20009 -14.0211
0.698106 6.74902 0.675762 7.24852
4.44684 -13.3409 4.8106 -13.6839
4.33275 -13.7195 4.7014 -14.0573
4.45312 -12.8409 4.44684 -13.3409
3.97813 -13.367 4.33275 -13.7195
1.2747 11.5865 0.923561 11.2306
0.720449 6.24952 0.698106 6.74902
4.11511 -12.4725 4.45312 -12.8409
1.77456 11.5747 1.2747 11.5865
3.99695 -12.8674 3.97813 -13.367
0.742792 5.75002 0.720449 6.24952
4.15813 -11.9743 4.11511 -12.4725
2.27344 11.5413 1.77456 11.5747
0.765136 5.25052 0.742792 5.75002
3.66794 -12.4909 3.99695 -12.8674
4.5507 -11.6647 4.15813 -11.9743
2.77043 11.4865 2.27344 11.5413
3.72234 -11.9939 3.66794 -12.4909
0.787479 4.75102 0.765136 5.25052
3.26459 11.4103 2.77043 11.4865
3.35495 -12.101 3.66794 -12.4909
1.15648 4.41362 0.787479 4.75102
3.79183 -11.4987 3.72234 -11.9939
3.75502 11.313 3.26459 11.4103
3.43005 -11.6067 3.35495 -12.101
1.65616 4.3959 1.15648 4.41362
3.05851 -11.6983 3.35495 -12.101
4.24083 11.1947 3.75502 11.313
3.14599 -11.1952 3.43005 -11.6067
2.05804 4.69339 1.65616 4.3959
2.77912 -11.2837 3.05851 -11.6983
0.450078 4.38202 0.787479 4.75102
2.87986 -10.7719 3.14599 -11.1952
2.5458 4.58343 2.05804 4.69339
2.51725 -10.8577 2.77912 -11.2837
2.48069 4.96053 2.05804 4.69339
2.63215 -10.3376 2.87986 -10.7719
3.01958 4.42364 2.5458 4.58343
2.27335 -10.4213 2.51725 -10.8577
2.9598 4.81752 2.48069 4.96053
3.19437 3.95519 3.01958 4.42364
2.78466 -9.86139 2.63215 -10.3376
2.42942 -9.94624 2.27335 -10.4213
3.42294 4.62911 2.9598 4.81752
2.9518 3.51797 3.19437 3.95519
2.95198 -9.39022 2.78466 -9.86139
3.57223 4.15192 3.42294 4.62911
2.70922 3.08075 2.9518 3.51797
2.59981 -9.47617 2.42942 -9.94624
2.04782 -9.97501 2.27335 -10.4213
3.332 3.47451 3.19437 3.95519
2.46665 2.64354 2.70922 3.08075
2.40214 -9.0169 2.59981 -9.47617
3.42853 2.98391 3.332 3.47451
2.2235 -9.50689 2.04782 -9.97501
2.22408 2.20632 2.46665 2.64354
3.11292 2.59612 3.42853 2.98391
1.98151 1.7691 2.22408 2.20632
1.94623 -8.8116 2.40214 -9.0169
2.7973 2.20832 3.11292 2.59612
1.73894 1.33188 1.98151 1.7691
2.48168 1.82052 2.7973 2.20832
1.49637 0.894667 1.73894 1.33188
1.84103 -9.51978 2.04782 -9.97501
2.16606 1.43273 2.48168 1.82052
1.2538 0.457449 1.49637 0.894667
1.49673 -8.59262 1.94623 -8.8116
2.2171 0.935341 2.16606 1.43273
1.01122 0.0202318 1.2538 0.457449
