29.8057 7.41741
29.9262 6.93214
30.3513 6.66893
30.838 6.78342
31.3247 6.89791
31.8115 7.01239
32.2982 7.12688
32.7203 6.85886
33.1393 6.58612
33.7839 6.95166
34.0491 7.37549
33.9296 7.86099
33.8027 8.34462
33.6685 8.82626
33.5269 9.30581
33.3781 9.78315
32.9329 10.0107
32.4852 10.2333
32.3187 10.7048
32.1449 11.1736
31.9639 11.6397
31.7756 12.1029
31.5801 12.5631
31.3776 13.0202
31.5524 13.4887
31.7221 13.959
31.5027 14.4083
31.0281 14.5657
30.5519 14.718
30.1074 14.4889
29.6295 14.6358
28.8643 14.5755
28.2114 14.2527
27.7303 14.3887
27.2475 14.5189
26.7632 14.6433
26.2775 14.7617
25.7902 14.8741
25.3016 14.9803
24.8117 15.0802
24.3946 14.8045
24.2882 14.3159
24.5505 13.8902
24.4284 13.4054
24.6766 12.9713
25.1573 12.8335
25.636 12.6892
26.1128 12.5386
26.5564 12.7693
2 0
2.44361 0.230676
2.88722 0.461353
3.33083 0.692029
3.77443 0.922705
4.25122 0.77214
4.48795 0.331731
4.35322 -0.149775
4.22501 -0.633056
4.48181 -1.06207
4.74665 -1.48617
5.23584 -1.58959
5.72638 -1.6864
6.13785 -1.40233
6.54932 -1.11827
6.96079 -0.83421
7.37226 -0.550148
7.86408 -0.64024
8.27123 -0.350019
8.67838 -0.0597984
9.1715 -0.142481
9.66587 -0.217282
10.1614 -0.284054
10.6579 -0.342649
11.1554 -0.392914
11.5373 -0.0701403
12.0355 -0.111921
12.5344 -0.144841
12.9045 0.191416
13.2745 0.527673
13.6446 0.86393
14.0146 1.20019
14.3847 1.53644
14.7547 1.8727
15.1247 2.20896
15.4948 2.54522
15.8648 2.88147
16.2349 3.21773
16.6049 3.55399
16.9749 3.89024
17.345 4.2265
17.715 4.56276
18.0851 4.89901
18.4551 5.23527
18.8252 5.57153
19.1952 5.90778
19.5652 6.24404
19.9353 6.5803
20.3053 6.91656
20.6754 7.25281
21.0454 7.58907
21.4155 7.92533
21.7855 8.26158
22.1555 8.59784
22.5256 8.9341
23.025 8.91021
23.525 8.91733
24.0234 8.9574
24.5177 9.03246
24.9416 8.76727
25.3912 8.5486
25.8439 8.76093
26.3263 8.62937
26.8204 8.55319
27.32 8.53302
27.8187 8.56874
28.1022 8.98065
28.5844 9.11288
29.0452 8.91892
29.5197 8.76124
29.7752 8.33145
29.6519 7.84688
