2 0
2.44361 0.230676
2.88722 0.461353
3.33083 0.692029
3.77443 0.922705
4.21804 1.15338
4.36861 1.63017
4.52581 2.10482
4.3077 2.55473
4.48103 3.02373
4.27851 3.48088
4.46798 3.94358
4.28152 4.40751
4.0853 3.94204
3.9015 4.40703
4.09863 3.00893
3.8987 3.46721
3.70798 3.92941
3.52653 4.39533
4.14415 2.07696
3.92855 2.52809
3.72189 2.98338
3.52426 3.44267
3.33573 3.90576
3.15637 4.37248
4.25122 0.77214
4.48795 0.331731
4.35322 -0.149775
4.22501 -0.633056
4.48181 -1.06207
4.74665 -1.48617
5.23584 -1.58959
5.65116 -1.31118
6.06647 -1.03277
6.48179 -0.754362
6.89711 -0.475954
7.31243 -0.197546
7.72774 0.0808618
8.14306 0.35927
8.55838 0.637678
8.65519 1.12822
9.07496 1.39987
8.75992 1.61712
9.49473 1.67152
9.1841 1.88184
9.9145 1.94317
9.60828 2.14655
10.0192 2.43208
9.72104 2.63367
8.87268 2.10424
9.84233 3.11873
9.30123 2.36183
9.97226 3.60156
9.42212 2.847
9.73065 4.0393
9.55144 3.32998
9.88164 4.51596
9.30907 3.76731
9.50036 4.48312
9.07773 4.21058
8.99357 2.58941
8.60462 4.37234
9.12269 3.07245
8.1344 4.5423
8.87995 3.50957
7.67815 4.33776
8.64796 3.9525
7.50016 3.87051
8.17452 4.11328
7.71217 3.41768
7.03006 4.0408
8.18611 3.25836
6.82539 4.49699
8.66263 3.10696
6.56276 4.21866
7.93463 2.9699
6.09835 4.40392
8.41214 2.82162
5.63593 4.21374
8.65228 2.38306
8.16743 2.5274
8.52334 1.89997
8.03026 2.04658
8.40235 1.41483
7.90088 1.56361
8.28919 0.927804
7.77918 1.07865
7.86905 0.656729
7.35427 0.815108
7.44891 0.385654
7.09073 1.24001
7.02877 0.11458
7.21533 1.72424
6.60863 -0.156495
7.64973 1.97182
6.18849 -0.42757
7.78184 2.45405
5.69973 -0.322164
5.76835 -0.698644
7.5413 2.89239
7.34744 2.20647
7.31082 3.3361
7.10674 2.64472
6.83766 3.4977
6.87588 3.08823
6.36712 3.66679
6.40249 3.24919
5.89927 3.84321
5.93166 3.41747
6.83644 1.67052
6.86746 0.929211
6.97148 2.15194
6.61035 1.35804
6.73335 2.59159
6.36243 1.79225
6.25733 2.74457
6.5044 2.27167
6.12381 2.23163
5.7837 2.90481
5.64752 2.38377
5.56887 3.35631
6.38243 1.05063
7.2109 4.51574
6.13171 1.48323
5.89925 1.17924
5.89012 1.92099
5.65488 1.61545
5.72638 -1.6864
6.13785 -1.40233
6.54932 -1.11827
6.96079 -0.83421
7.37226 -0.550148
7.86408 -0.64024
8.27123 -0.350019
8.35719 -0.722922
8.67838 -0.0597984
8.75986 -0.426517
9.1715 -0.142481
9.25419 -0.501658
9.66587 -0.217282
9.74964 -0.568952
10.1614 -0.284054
10.2461 -0.628256
10.6579 -0.342649
10.5616 -1.01614
11.1554 -0.392914
11.06 -1.05578
11.5373 -0.0701403
11.4351 -0.725086
12.0355 -0.111921
11.8101 -0.394392
12.5344 -0.144841
12.3091 -0.425738
12.9045 0.191416
13.0339 -0.16873
12.8086 -0.448213
13.2745 0.527673
13.3977 0.174285
13.3084 -0.461652
13.6446 0.86393
13.7614 0.517301
13.665 -0.111105
14.0146 1.20019
14.1252 0.860317
14.0215 0.239442
14.3847 1.53644
13.8084 -0.465886
14.7547 1.8727
14.1583 -0.108714
14.3084 -0.460742
15.1247 2.20896
14.6583 -0.103569
14.8082 -0.446043
15.4948 2.54522
11.5591 -1.08712
15.8648 2.88147
11.9284 -0.750135
16.2349 3.21773
12.4279 -0.773035
16.6049 3.55399
12.9277 -0.787124
16.9749 3.89024
13.2776 -1.14428
17.345 4.2265
13.7776 -1.13671
13.6365 -1.49244
17.715 4.56276
14.1191 -0.771544
14.1361 -1.47219
18.0851 4.89901
14.6188 -0.754845
14.4683 -1.09848
18.4551 5.23527
14.6352 -1.44283
14.0041 -1.83139
18.8252 5.57153
14.503 -1.79848
14.3801 -2.1609
19.1952 5.90778
14.885 -2.12108
14.7644 -2.48078
19.5652 6.24404
14.8226 -2.97739
19.9353 6.5803
14.8894 -3.4729
20.3053 6.91656
14.5933 -3.87575
20.6754 7.25281
14.6687 -4.37002
14.099 -3.95118
21.0454 7.58907
14.3793 -4.77773
13.7011 -3.64837
21.4155 7.92533
13.6035 -4.0184
13.6455 -3.15147
21.7855 8.26158
13.2107 -3.70914
13.9642 -2.76613
22.1555 8.59784
13.163 -3.21141
12.825 -3.39089
14.4619 -2.71894
22.5256 8.9341
13.4876 -2.83111
12.7889 -2.89219
12.4468 -3.06382
23.025 8.91021
13.4482 -2.33266
13.1222 -2.51948
12.761 -2.39297
12.4222 -2.56443
23.525 8.91733
13.4175 -1.83361
13.0943 -2.02026
12.7415 -1.89335
12.4058 -2.0647
24.0234 8.9574
13.0487 -1.49595
12.0763 -2.72812
12.3804 -1.54758
12.0467 -1.7168
24.5177 9.03246
12.6884 -1.14923
12.0632 -2.22829
12.0277 -1.19315
11.5467 -1.71281
24.9416 8.76727
11.7136 -2.38397
13.917 -2.26836
11.0469 -1.70054
25.4141 8.93059
11.3589 -2.03154
25.3912 8.5486
10.5473 -1.68013
25.8719 9.13163
10.859 -2.0216
25.8439 8.76093
10.2144 -1.30705
26.3519 8.99166
10.3593 -2.00365
26.3263 8.62937
9.89007 -0.926519
10.0481 -1.65171
9.85999 -1.97782
26.8204 8.55319
9.39268 -0.875502
9.72115 -1.27342
9.53098 -1.60132
27.32 8.53302
8.89616 -0.816646
9.2234 -1.22601
9.03297 -1.55679
27.8187 8.56874
8.49869 -1.11999
9.36112 -1.94424
8.53569 -1.50465
28.1022 8.98065
8.00314 -1.05343
8.10122 -1.42334
8.86282 -1.90303
8.47607 -2.00108
28.5844 9.11288
7.50864 -0.97947
7.60567 -1.35678
9.18025 -2.28934
8.79074 -2.38965
29.0452 8.91892
7.10234 -1.27088
7.2038 -1.65427
9.67879 -2.32745
9.11349 -2.77153
29.4922 9.14294
6.69603 -1.56228
7.50129 -2.05614
10.1779 -2.35792
9.6125 -2.80288
9.44417 -3.14656
6.61479 -2.05564
6.28973 -1.85369
7.9972 -2.1199
10.6773 -2.38065
10.1119 -2.82673
9.94374 -3.16745
6.91183 -2.45784
6.20848 -2.34704
8.30852 -2.51116
11.1771 -2.3955
10.6117 -2.84294
10.4436 -3.18082
7.40764 -2.52242
7.21676 -2.8541
6.50542 -2.74932
8.62782 -2.89593
11.5258 -2.75386
11.1116 -2.8514
10.9435 -3.18656
7.90432 -2.57999
7.71374 -2.90889
6.81009 -3.14578
8.95497 -3.27404
11.8825 -3.10423
11.4647 -3.20536
11.2985 -3.53868
8.22041 -2.9674
8.03191 -3.2946
7.30702 -3.20109
9.28983 -3.64534
12.2471 -3.44644
11.8257 -3.55138
11.6611 -3.88294
12.6193 -3.78031
12.1942 -3.88927
12.0312 -4.21916
12.9989 -4.10568
12.5702 -4.21887
12.4085 -4.5472
13.3858 -4.42237
12.9534 -4.54002
12.793 -4.86689
13.8821 -4.36148
13.3437 -4.85256
12.8497 -5.36366
13.7798 -4.73023
9.78959 -3.66083
12.9139 -5.85952
9.63226 -4.00968
10.2895 -3.66895
12.9856 -6.35435
10.1322 -4.01489
10.7895 -3.66957
13.0646 -6.84807
10.6322 -4.01272
11.148 -4.01815
13.1508 -7.34058
10.9925 -4.35938
11.5138 -4.35894
12.8694 -7.75388
11.3601 -4.69833
11.887 -4.6918
12.3782 -7.84715
11.7348 -5.02942
12.2671 -5.01656
11.9689 -7.56004
12.1164 -5.35251
11.8857 -7.93358
11.8921 -7.06596
12.5047 -5.66745
11.4804 -7.64089
12.1928 -6.66652
12.5671 -6.16354
11.4102 -7.14584
12.1231 -6.17142
12.6369 -6.65865
11.7162 -6.75041
11.728 -5.86488
12.7138 -7.1527
11.653 -6.25442
11.3394 -5.55028
11.347 -6.64985
11.262 -5.94277
11.2973 -5.05205
10.9559 -6.33832
10.8774 -5.62325
10.9201 -4.7239
10.5711 -6.01906
10.8415 -5.12454
10.5498 -4.38794
10.5347 -5.52039
10.4683 -4.79181
10.05 -4.40179
10.161 -5.18818
9.96865 -4.81016
9.55001 -4.40836
9.66137 -5.20742
9.46878 -4.82133
9.19688 -4.05439
9.16152 -5.21964
9.11234 -4.47069
8.851 -3.69333
8.80425 -4.86984
8.76298 -4.11299
8.51252 -3.32532
8.45391 -4.51311
8.42084 -3.74838
8.66155 -5.22492
8.11062 -4.14957
7.92151 -3.7225
8.30909 -4.87027
7.6112 -4.12546
7.42259 -3.68967
7.96356 -4.50888
7.11216 -4.09453
6.92416 -3.64999
7.464 -4.48799
6.61358 -4.05687
6.42633 -3.60355
6.96476 -4.46038
6.11554 -4.01259
6.11231 -3.21445
5.92915 -3.55045
6.46594 -4.42612
5.61813 -3.96177
5.80572 -2.81948
5.6203 -3.15725
5.96761 -4.38532
5.30739 -3.57005
5.50664 -2.41879
5.12142 -3.90451
5.46984 -4.33807
5.91291 -2.12734
5.21519 -2.01252
4.62549 -3.8409
4.97273 -4.28445
4.72345 -1.92202
4.13039 -3.77104
4.47633 -4.22456
4.23294 -1.82504
3.6362 -3.69501
3.98071 -4.15849
3.96011 -1.40604
3.74374 -1.72169
3.14299 -3.61291
3.48595 -4.08632
3.69503 -0.982095
3.47631 -1.29922
2.65082 -3.52481
2.9921 -4.00813
3.81631 -0.497027
3.2166 -0.871964
2.23709 -3.80558
2.58411 -4.29717
3.94397 -0.0135999
3.34387 -0.388433
1.74601 -3.71157
2.09123 -4.21306
3.6982 0.421828
3.47742 0.0934009
1.25606 -3.61184
1.59937 -4.12319
2.49999 -4.79004
2.17611 -4.58621
0.767289 -3.50646
1.10858 -4.02766
2.79377 -5.19463
1.68324 -4.50209
2.092 -5.07908
0.69083 -4.3024
3.28882 -5.26482
1.19136 -4.41232
2.3857 -5.48373
2.01355 -5.57289
3.68493 -4.9597
0.776876 -4.69197
2.88072 -5.55414
2.31183 -5.97417
4.08104 -4.65458
0.681526 -5.18279
3.37652 -5.6188
2.80761 -6.03905
4.57688 -4.71891
0.965733 -5.59416
3.76922 -5.3093
3.30409 -6.09824
5.07348 -4.77711
1.45893 -5.67638
1.25633 -6.00104
4.16191 -4.9998
3.69339 -5.78447
5.57077 -4.82908
1.75406 -6.07999
1.55326 -6.40333
3.80123 -6.15165
4.19053 -5.83788
6.06868 -4.87474
2.05552 -6.47888
1.85643 -6.80093
4.29896 -6.19921
4.57605 -5.51949
6.56714 -4.914
2.55178 -6.53994
2.35294 -6.85995
4.68073 -5.87633
4.96157 -5.2011
7.06606 -4.94677
3.0487 -6.59539
2.85007 -6.91342
5.0625 -5.55345
5.45931 -5.24856
7.56538 -4.97297
3.54622 -6.64515
3.34777 -6.96128
5.56077 -5.5951
5.95761 -5.28979
7.90486 -5.34006
4.04428 -6.68917
3.84599 -7.00344
6.05951 -5.63053
6.45639 -5.3247
8.25121 -5.70067
4.54282 -6.72736
4.34467 -7.03984
6.39186 -6.00408
6.95558 -5.3532
8.75121 -5.70131
4.91846 -6.39737
4.84373 -7.07042
6.89145 -6.02431
7.45509 -5.3752
9.25117 -5.69519
5.29411 -6.06739
5.2143 -6.73474
7.25466 -5.68069
7.79758 -5.73948
9.751 -5.68221
5.79306 -6.09968
5.58486 -6.39906
7.39126 -6.03816
8.14679 -6.09732
10.1184 -6.02139
6.12768 -6.47121
5.34312 -7.09508
7.73955 -6.3969
8.64678 -6.09411
10.1481 -6.5205
6.62738 -6.48856
5.70964 -6.75499
8.09435 -6.7492
9.14668 -6.08422
10.5266 -6.84724
7.12725 -6.49965
10.1847 -7.01916
8.59423 -6.73829
9.6464 -6.06757
11.0244 -6.80099
7.47744 -6.85653
10.5676 -7.34075
8.93523 -6.37261
9.09393 -6.72084
10.228 -7.51728
7.83398 -7.20708
11.0648 -7.28791
9.43493 -6.35515
9.59335 -6.69675
10.6151 -7.83373
8.3338 -7.19386
8.19675 -7.55116
10.278 -8.01478
9.62415 -7.1958
11.1116 -7.77439
8.83342 -7.17422
8.69626 -7.52898
10.6692 -8.32611
10.3345 -8.51158
9.66157 -7.6944
11.5088 -8.07814
9.20498 -7.5088
9.06946 -7.86172
11.1649 -8.26036
10.7298 -8.81779
9.70552 -8.19246
11.9117 -8.37424
10.3975 -9.0076
9.10713 -8.3603
11.5659 -8.55902
11.2245 -8.74573
9.75591 -8.68992
12.4044 -8.2893
10.7966 -9.30872
9.15113 -8.85836
11.9724 -8.85008
11.6293 -9.03933
9.81263 -9.18669
12.8959 -8.19762
11.2905 -9.23043
9.20136 -9.35583
12.4641 -8.75912
12.0394 -9.32535
10.2079 -9.49289
9.87561 -9.68271
11.6988 -9.51899
9.25775 -9.85264
12.9545 -8.66153
12.5299 -9.22847
10.6086 -9.79201
10.2747 -9.98397
12.1124 -9.79999
9.65269 -10.1593
9.3202 -10.3487
13.0191 -9.12505
11.102 -9.7114
10.6789 -10.2782
12.6017 -9.69726
10.0529 -10.459
9.71881 -10.6506
9.38863 -10.844
11.5116 -9.99813
11.1714 -10.1916
13.0896 -9.5881
10.4582 -10.7518
10.1225 -10.9455
9.79082 -11.1411
11.9264 -10.2774
11.5844 -10.4735
9.46297 -11.3385
10.9504 -10.6638
10.5312 -11.2336
10.198 -11.4313
12.4153 -10.1728
12.0023 -10.748
9.86863 -11.6308
9.54313 -11.832
11.3642 -10.9444
11.0224 -11.1399
10.6099 -11.7146
12.9028 -10.0619
12.49 -10.6378
10.2791 -11.9163
9.95217 -12.1196
11.7828 -11.2178
11.4393 -11.4159
11.1 -11.6154
11.0266 -11.991
12.9763 -10.5215
10.6943 -12.1949
10.3659 -12.4003
12.2703 -11.1065
11.8609 -11.6846
11.52 -11.8867
11.4479 -12.2603
12.2062 -11.4838
11.114 -12.4665
10.7842 -12.6743
12.7563 -10.9892
12.2872 -11.946
11.9446 -12.1508
11.8737 -12.5224
12.6916 -11.364
11.5383 -12.7312
12.6341 -11.7424
9.62903 -12.3246
12.7178 -12.2
12.3736 -12.4076
12.3038 -12.7773
13.1228 -11.6172
13.0665 -11.9934
10.0414 -12.6074
9.7206 -12.8161
13.1528 -12.4465
12.8069 -12.657
8.74355 -8.24091
10.4582 -12.8835
8.56565 -7.88868
8.44011 -6.38802
5.84277 -7.11377
8.24497 -8.27859
8.78123 -8.73949
8.41764 -8.6201
6.46875 -6.83682
6.18728 -7.47615
7.86988 -7.94798
8.82511 -9.23756
7.91906 -8.65777
6.96867 -6.84542
6.68726 -7.48023
7.50067 -7.61081
8.87512 -9.73505
7.5439 -8.32724
7.32057 -7.20062
7.04226 -7.83233
7.42006 -8.68934
8.93118 -10.2319
7.04442 -8.35016
6.53794 -7.83257
6.69637 -8.19338
6.92071 -8.71486
8.99321 -10.728
8.45532 -9.11868
6.03796 -7.83706
6.19648 -8.2041
7.28782 -9.05432
9.06111 -11.2234
8.49909 -9.61676
5.68546 -7.48245
5.69651 -8.20886
7.78704 -9.02632
9.13483 -11.7179
8.54889 -10.1143
5.18556 -7.4725
5.34374 -7.85452
8.16383 -9.35499
9.21427 -12.2116
8.60464 -10.6112
4.68581 -7.45664
4.84383 -7.8451
8.20639 -9.85318
9.29936 -12.7043
8.66625 -11.1073
4.18628 -7.43495
4.34406 -7.82986
8.2549 -10.3508
5.19651 -8.20775
8.73365 -11.6028
3.68704 -7.40749
3.8445 -7.80888
8.30928 -10.8479
4.69656 -8.20083
8.80676 -12.0974
3.18814 -7.37433
3.34521 -7.78223
8.36946 -11.3442
4.19672 -8.18816
8.8855 -12.5912
2.68965 -7.33555
2.84625 -7.74998
8.43535 -11.8399
3.69705 -8.16981
7.66061 -9.38752
2.19161 -7.29121
2.34768 -7.71218
8.5069 -12.3347
3.19763 -8.14586
7.69704 -9.88619
1.6941 -7.24138
1.84956 -7.66892
8.58401 -12.8287
2.6985 -8.11636
7.73936 -10.3844
1.38179 -6.85092
1.35194 -7.62025
1.19717 -7.18612
2.19972 -8.08138
7.78748 -10.8821
1.07553 -6.45569
0.854861 -7.56623
0.889083 -6.79232
1.70136 -8.04099
7.84134 -11.3792
0.775412 -6.05578
0.700855 -7.12551
6.42109 -8.73441
1.20345 -7.99524
7.90087 -11.8756
6.75943 -5.66512
6.78417 -9.07818
5.92128 -8.74806
0.706065 -7.9442
7.96599 -12.3714
7.15293 -9.41584
5.42134 -8.75587
1.71527 -5.17161
8.03663 -12.8663
7.18327 -9.91492
4.92135 -8.75792
1.42347 -4.76558
3.35316 -4.76898
7.21942 -10.4136
4.42136 -8.75426
2.9837 -4.86872
3.75288 -4.46861
7.26133 -10.9118
3.92145 -8.74496
3.05631 -4.37402
2.96468 -0.440061
7.30892 -11.4096
3.42167 -8.73009
3.25591 -1.61206
3.10071 0.0410789
7.36211 -11.9067
2.92208 -8.70971
2.99385 -1.18624
2.7695 -1.49626
7.42084 -12.4033
2.42275 -8.68389
2.73948 -0.755778
2.5128 -1.06718
7.11561 -12.7993
1.92373 -8.65268
2.49286 -0.32083
2.26374 -0.633629
6.61975 -12.8635
1.42506 -8.61614
2.28459 -1.37437
1.78344 -0.494652
6.22703 -12.554
0.926812 -8.57435
2.03321 -0.942153
1.54753 -0.0538083
6.1757 -12.0567
5.83905 -12.2387
1.55215 -0.805847
1.70077 0.422128
6.49528 -11.6721
5.79527 -11.7406
1.31372 -0.366357
2.14849 0.644718
6.81486 -11.2876
6.12066 -11.3609
1.08292 0.077184
2.59621 0.867309
6.76893 -10.7897
6.44604 -10.9813
1.24155 0.551351
3.04393 1.0899
6.72865 -10.2914
6.40767 -10.4828
1.40604 1.02352
3.49165 1.31249
6.69407 -9.79255
6.37495 -9.98384
1.85891 1.23544
3.93937 1.53508
6.32073 -9.45995
6.00282 -9.6499
2.31178 1.44735
1.57642 1.4936
5.9529 -9.12128
5.63614 -9.30998
2.76465 1.65927
2.03194 1.69976
1.75274 1.96148
5.13626 -9.32081
3.21752 1.87119
2.48745 1.90592
2.21087 2.16178
1.93505 2.42705
4.63629 -9.32598
3.67039 2.0831
2.94297 2.11208
2.66899 2.36208
2.39574 2.62138
4.13629 -9.32556
2.12339 2.89022
3.39849 2.31824
3.12712 2.56238
2.85643 2.81571
3.63632 -9.3196
2.5866 3.07847
2.31782 3.35087
3.30943 3.02795
3.04478 3.27888
3.13645 -9.30818
2.78103 3.53912
2.51838 3.80889
5.29033 -9.6711
2.63674 -9.29134
2.98171 3.99708
2.72511 4.26415
4.79045 -9.68193
2.13723 -9.26916
5.30116 -10.171
2.27272 4.4771
4.29048 -9.68719
1.63799 -9.24169
5.66612 -10.5128
5.31756 -10.6707
1.80002 4.31417
3.79048 -9.68695
1.13906 -9.20899
6.03641 -10.8487
5.68625 -11.0084
1.35055 4.53321
3.29051 -9.68126
0.640493 -9.17111
1.58097 3.8647
1.32731 4.15123
0.875749 4.37648
2.79063 -9.67018
5.33945 -11.1702
1.75007 3.39416
1.10826 3.70177
0.650839 3.92992
2.2909 -9.65377
5.36679 -11.6695
1.54534 2.938
1.27725 3.23119
0.813581 3.45715
1.79137 -9.63209
5.39951 -12.1684
1.34651 2.47924
1.07226 2.77515
1.29209 -9.6052
5.43754 -12.667
1.15355 2.01797
0.87306 2.31654
0.79312 -9.57316
4.94452 -10.0322
0.966413 1.55431
0.679623 1.85548
0.859802 0.524644
4.44463 -10.0431
0.785053 1.08836
4.95535 -10.5321
4.5987 -10.3934
3.94466 -10.0484
6.86079 -11.7855
4.97166 -11.0318
4.09882 -10.4042
3.44466 -10.0483
6.91223 -12.2828
4.99338 -11.5314
3.59885 -10.4096
2.94469 -10.0429
4.60953 -10.8932
5.02047 -12.0306
3.09885 -10.4097
2.44481 -10.0321
4.62576 -11.393
5.05285 -12.5296
2.59888 -10.4045
1.94506 -10.0162
4.64732 -11.8925
4.25289 -10.7545
2.09899 -10.3941
1.44551 -9.99497
4.67416 -12.3918
3.75301 -10.7653
1.59923 -10.3785
0.946207 -9.96865
4.70622 -12.8908
3.25304 -10.7708
1.09966 -10.3578
4.26372 -11.2544
3.90708 -11.1156
2.75304 -10.7711
0.72835 -10.6926
4.27987 -11.7541
3.4072 -11.1264
2.25306 -10.7661
0.702577 -11.192
4.30127 -12.2537
2.90723 -11.132
1.75317 -10.756
1.04109 -11.56
4.32787 -12.7529
2.40723 -11.1324
1.2534 -10.7408
1.5409 -11.5738
1.38472 -11.9232
1.90725 -11.1277
0.681745 -11.6916
2.04082 -11.5826
1.88468 -11.93
1.40735 -11.1179
1.02385 -12.0562
2.54081 -11.5864
2.38467 -11.9319
0.665808 -12.1913
1.37097 -12.4161
3.04081 -11.5852
2.88466 -11.9287
1.01143 -12.5526
1.87097 -12.4181
1.72305 -12.7711
3.54077 -11.5787
3.38459 -11.9204
2.37096 -12.4153
2.22303 -12.7662
3.90246 -11.9239
3.74752 -12.2643
2.8709 -12.4074
2.72293 -12.7565
0.65472 -12.6912
3.76824 -12.7639
3.37073 -12.3945
3.22271 -12.7417
1.07279 -0.663676
5.88282 -12.7367
6.56023 -12.3763
1.80122 -1.2465
0.839679 -0.221342
0.924846 -1.14129
2.72065 -0.00365544
1.31944 -1.11273
1.16321 -1.58081
0.782606 -1.62063
12.3872 -6.99617
1.64488 -1.71495
1.02613 -2.05731
0.646021 -2.10161
2.12814 -1.84328
1.50932 -2.18587
1.2769 -2.48988
2.61292 -1.96569
1.99401 -2.30866
12.4629 -7.48328
3.09918 -2.0821
2.48015 -2.42559
3.58685 -2.19243
7.10923 -2.12999
4.07589 -2.29656
7.89704 -1.75056
4.56622 -2.39442
29.5197 8.76124
28.3104 8.65959
29.7752 8.33145
28.7511 8.42331
29.6519 7.84688
29.2076 8.21944
29.2074 7.61808
29.4994 7.37073
28.7461 7.81103
29.0424 7.16783
28.2982 8.03336
28.5918 7.38466
27.8145 7.90691
28.1553 7.62839
27.3208 7.82796
27.6664 7.52326
26.946 8.15895
27.1701 7.46286
