27 13
26.5564 12.7693
26.1128 12.5386
25.6692 12.308
25.2256 12.0773
24.782 11.8466
24.3383 11.6159
24.6314 11.3698
24.4742 10.8952
24.3103 10.4228
24.3052 11.9972
24.7488 12.2279
24.27 12.3719
25.075 11.6005
24.9179 11.1258
24.7543 10.6534
24.584 10.1832
25.5186 11.8312
25.3617 11.3565
25.1983 10.8839
25.0283 10.4137
25.1924 12.4585
24.7136 12.6027
24.2329 12.7403
25.636 12.6892
25.1573 12.8335
24.6766 12.9713
24.4284 13.4054
24.5505 13.8902
24.2882 14.3159
24.3946 14.8045
24.8117 15.0802
25.3016 14.9803
25.572 14.5597
25.7902 14.8741
25.457 14.0731
26.0553 14.4501
25.0283 13.8158
25.9343 13.965
24.907 13.3308
25.5024 13.713
25.8071 13.4814
25.3752 13.2294
26.0535 13.0463
26.3128 14.0215
26.2775 14.7617
26.1831 13.5386
26.5372 14.3345
26.4274 13.1023
26.7894 13.9027
26.7632 14.6433
26.654 13.4214
27.0177 14.2129
27.2475 14.5189
27.2647 13.7782
27.4968 14.0855
27.5041 13.3392
27.7386 13.6478
27.3547 12.8621
27.7358 12.8961
27.9728 13.2061
26.9088 12.6358
27.5781 12.4217
28.1994 12.7604
26.4629 12.4096
27.1284 12.2032
28.0364 12.2877
26.0169 12.1834
26.6786 11.9848
27.8675 11.8171
25.8616 11.7082
26.2288 11.7664
27.4127 11.6093
27.6928 11.3486
25.6999 11.235
26.0652 11.2939
26.9579 11.4016
27.2355 11.1466
25.5319 10.7641
25.8954 10.8236
26.5031 11.1938
26.7781 10.9445
25.7399 10.3094
26.1017 10.3682
26.3285 10.7253
26.5975 10.4783
27.5123 10.8823
28.4183 12.3109
27.0614 10.2916
27.0524 10.6862
28.2472 11.8411
28.6295 11.8577
27.5239 10.4815
28.0703 11.3734
28.4504 11.3909
28.8329 11.4009
27.9853 10.2888
27.8876 10.908
28.2655 10.9263
28.6458 10.9372
28.4501 10.4728
29.0284 10.9407
28.8356 10.4747
29.2161 10.4772
27.7303 14.3887
29.419 10.9342
27.9743 13.9523
28.2114 14.2527
29.2338 11.3986
28.2109 13.5118
28.4503 13.8134
29.0407 11.8599
28.44 13.0674
28.6817 13.3702
28.8399 12.3178
28.9136 12.9071
29.1562 13.2125
29.3087 12.1439
29.3853 12.7412
28.9374 13.6621
29.5119 11.687
29.855 12.5698
28.7113 14.108
29.7073 11.2268
29.7754 11.9645
28.4778 14.5502
29.3194 13.6851
27.9725 14.6919
28.237 14.9884
29.0955 14.1322
27.4907 14.8256
27.7546 15.12
28.8643 14.5755
27.0074 14.9535
29.4772 14.1596
28.6258 15.015
26.5225 15.0755
29.2482 14.604
29.6295 14.6358
26.0361 15.1915
29.012 15.0447
29.3955 15.0776
29.7764 15.1137
29.6042 10.4698
27.034 13.4667
24.6661 14.3767
25.0883 14.6445
29.5567 13.2109
29.8636 14.194
30.1074 14.4889
29.7227 13.6825
30.5519 14.718
31.0281 14.5657
30.7041 15.1942
31.2524 14.1188
31.5027 14.4083
31.0876 13.6467
31.7221 13.959
30.9177 13.1765
31.5524 13.4887
31.125 12.7215
31.3776 13.0202
30.9426 12.256
31.3252 12.2633
31.5801 12.5631
31.1375 11.7955
31.5181 11.802
31.7756 12.1029
30.9425 11.3352
31.3211 11.3425
31.9639 11.6397
31.1248 10.8696
31.5014 10.8761
31.7623 11.1821
30.9172 10.4147
31.292 10.4221
31.6744 10.407
31.9382 10.7141
31.0866 9.94431
31.4596 9.95103
31.8399 9.93517
32.1067 10.2433
30.8665 9.4954
31.2378 9.50293
31.6161 9.48803
32.2677 9.76995
31.0227 9.02043
31.3924 9.02742
31.7687 9.01187
32.0399 9.32488
32.4213 9.29412
32.2095 8.77592
32.1449 11.1736
32.5674 8.81594
32.3187 10.7048
33.0051 8.57421
32.8091 9.25362
32.4852 10.2333
33.1383 8.0923
32.6653 9.73249
32.9329 10.0107
32.8851 7.66118
33.1092 9.50245
32.7789 10.4864
33.3781 9.78315
32.3998 7.5408
33.2553 9.02426
32.6177 10.9597
33.5269 9.30581
31.9145 7.42042
33.394 8.54388
32.4492 11.4304
33.6685 8.82626
31.4292 7.30004
33.5253 8.06143
32.2734 11.8985
33.8027 8.34462
30.9439 7.17967
33.2704 7.63131
32.0905 12.3639
33.9296 7.86099
30.4586 7.05929
33.0107 7.20401
31.9005 12.8263
33.6708 7.43317
34.0491 7.37549
33.4074 7.00819
33.7839 6.95166
33.1393 6.58612
33.514 6.53072
32.6502 6.48266
33.2396 6.11278
32.161 6.37919
32.7489 6.01677
31.6718 6.27573
32.2582 5.92075
31.1826 6.17227
31.7675 5.82473
30.6934 6.0688
31.2768 5.72872
30.2043 5.96534
30.7861 5.6327
29.7151 5.86188
30.2954 5.53668
29.2259 5.75841
29.8047 5.44067
28.7367 5.65495
29.314 5.34465
28.2476 5.55149
28.8233 5.24863
27.7584 5.44802
28.3326 5.15262
32.9605 5.69791
27.8419 5.0566
32.4688 5.60741
32.6768 5.28621
31.977 5.51691
32.184 5.2013
31.4853 5.42642
31.6913 5.11639
30.9935 5.33592
31.1986 5.03148
30.5018 5.24542
30.7058 4.94657
30.2181 4.83371
30.4174 4.53812
29.7252 4.74929
30.1241 4.13323
29.2324 4.66487
29.6294 4.06053
28.7396 4.58045
29.1347 3.98783
28.2468 4.49603
28.64 3.91513
27.754 4.41161
28.1453 3.84243
29.8257 3.73203
27.8469 3.44122
29.3301 3.66556
27.9129 2.9456
28.8345 3.5991
27.9694 2.4488
28.339 3.53263
28.0163 1.951
29.5223 3.33461
27.6902 1.572
29.0259 3.27447
27.7207 1.07294
28.5295 3.21433
27.7416 0.573371
29.2138 2.9411
27.7527 0.0734948
28.7167 2.88738
27.7541 -0.426503
28.4032 2.49788
27.7459 -0.926435
28.4503 2.0001
27.7279 -1.42611
28.488 1.50153
27.7002 -1.92534
28.155 1.12853
28.5163 1.00233
28.0264 -2.30432
28.1765 0.628996
28.5351 0.502686
27.9823 -2.80237
28.1886 0.129141
28.5446 0.00277734
28.3474 -2.68768
28.191 -0.370853
28.5447 -0.497223
28.6632 -3.07528
28.1839 -0.870804
28.5353 -0.997135
28.1673 -1.37053
28.5165 -1.49678
28.1412 -1.86984
28.4883 -1.99599
28.9003 2.55161
28.8143 -2.37511
28.9475 2.05384
29.1353 -2.75848
28.9855 1.55529
29.6328 -2.80904
29.0143 1.05612
30.0203 -2.49306
30.1302 -2.85961
29.0338 0.556498
30.0646 -1.99503
30.5177 -2.54363
29.0441 0.0566044
29.737 -1.61729
30.5621 -2.0456
29.0451 -0.443396
29.2378 -1.58819
30.2347 -1.6677
29.0369 -0.943329
28.8643 -1.92056
29.9026 -1.29391
29.2087 -2.08734
30.5978 -1.54688
29.4032 -1.27075
29.5342 -2.4669
30.2639 -1.17475
30.6248 -1.04761
29.5658 -0.92436
29.9253 -0.806815
30.2845 -0.681362
29.5826 -0.424641
29.9398 -0.307024
30.2965 -0.181507
29.5903 0.0753
29.9453 0.192945
30.2997 0.318484
29.5889 0.575298
29.9418 0.692934
30.2941 0.818453
29.5785 1.07519
29.9294 1.19278
30.2796 1.31824
29.559 1.57481
29.9081 1.69232
30.2563 1.8177
29.5305 2.074
29.8778 2.19141
30.2242 2.31667
29.4929 2.57258
29.8386 2.68987
30.1833 2.815
30.6431 -0.547944
30.9013 -2.22288
30.1336 3.31252
30.6527 -0.0480356
30.9396 -1.72435
30.4434 3.70499
30.6535 0.451962
30.9693 -1.22524
30.7483 4.10125
30.6456 0.951901
30.9905 -0.725685
31.0484 4.50119
30.629 1.45163
31.003 -0.225842
31.5425 4.57775
30.6037 1.95099
31.0069 0.274145
31.946 4.28251
30.5697 2.44983
31.0021 0.774122
32.0168 3.78755
30.527 2.948
30.9888 1.27394
31.7103 3.39251
30.8423 3.33602
30.9669 1.77346
31.2135 3.33579
31.1529 3.72786
30.9363 2.27253
30.9024 2.94441
31.4588 4.1234
31.2611 2.65268
31.5247 3.72717
31.3992 3.00113
31.759 2.69782
32.0794 3.29148
31.8753 4.77747
32.1431 2.37763
32.1338 2.79445
31.4389 2.31379
32.1824 1.87918
32.5185 2.47505
31.478 1.81533
31.8515 1.50434
32.5589 1.97669
31.5088 1.31627
31.8767 1.00498
32.5912 1.47773
31.531 0.816772
31.8935 0.505257
32.2551 1.10753
31.5449 0.316963
31.9019 0.00532794
32.2734 0.607859
31.5502 -0.183008
31.902 -0.49467
32.2834 0.10796
31.5471 -0.682999
31.8937 -0.994601
32.2852 -0.392036
31.5356 -1.18287
31.8771 -1.49432
32.2788 -0.891996
31.5156 -1.68246
31.8521 -1.9937
32.264 -1.39178
31.4871 -2.18165
31.8188 -2.49259
32.2411 -1.89125
31.4502 -2.68029
31.7772 -2.99085
32.2099 -2.39028
30.9523 -2.63497
32.6153 0.978307
32.1704 -2.88872
30.5681 -2.95503
32.6313 0.478559
32.8995 2.15123
31.8184 1.99737
32.6391 -0.0213799
32.9342 1.65244
33.2767 1.82309
32.6388 -0.52138
32.9609 1.15315
33.3058 1.32393
32.6302 -1.02131
32.9795 0.653495
33.327 0.82438
32.6136 -1.52103
32.99 0.153605
33.3401 0.324551
32.5888 -2.02041
32.9925 -0.346387
33.3453 -0.175422
32.5558 -2.51933
32.9869 -0.846357
33.3425 -0.675414
32.5147 -3.01764
32.9733 -1.34617
33.3317 -1.1753
33.6503 1.49071
32.9516 -1.8457
33.313 -1.67494
33.6738 0.991259
32.9218 -2.34481
33.2863 -2.17423
33.6894 0.491503
32.884 -2.84338
33.2516 -2.67303
33.6972 -0.0084362
34.0201 1.15418
33.5737 -3.05542
33.6971 -0.508436
34.0381 0.654501
34.0714 -3.10358
33.689 -1.00837
34.0483 0.154608
34.4574 -2.78573
33.6731 -1.50812
34.0507 -0.345384
34.5001 -2.28756
33.6493 -2.00756
34.0453 -0.845354
34.1723 -1.91006
33.6177 -2.50655
34.0321 -1.34518
34.5352 -1.78879
34.8399 -2.46371
34.4002 -1.00677
34.9077 -1.45518
34.8025 -2.96231
34.4157 -0.507013
34.9298 -0.955665
35.2765 -1.11759
34.4235 -0.00707364
34.9443 -0.455875
35.2933 -0.617871
34.4237 0.492926
34.9512 0.0440789
35.3026 -0.117955
34.4161 0.992869
34.9505 0.544079
35.3043 0.382041
34.4008 1.49264
34.9423 1.04401
35.2986 0.882007
34.0313 1.82954
34.9264 1.54376
35.2854 1.38183
33.6582 2.16236
34.5567 1.88037
35.2646 1.8814
33.2813 2.491
34.1833 2.21294
34.8917 2.21443
32.9008 2.81537
33.8064 2.54141
34.5152 2.54343
32.5167 3.13539
33.4258 2.86568
34.1351 2.86833
32.4656 3.63278
33.0416 3.18567
33.7515 3.18905
32.4064 4.12926
32.9905 3.68306
33.3644 3.50551
32.3391 4.62471
32.9315 4.17956
33.3089 4.00241
35.2364 2.3806
32.8646 4.67506
33.2455 4.49838
34.8585 2.70799
32.4621 4.97167
33.1612 5.07757
33.545 4.89871
34.4771 3.03131
33.4533 5.48338
33.8401 5.30232
34.0922 3.35048
33.7409 5.8924
34.1308 5.70915
33.7039 3.66541
34.024 6.30455
34.4171 6.1191
33.6464 4.1621
34.3026 6.71974
34.6989 6.5321
33.9509 4.55874
34.5767 7.13789
34.9764 6.94806
34.2509 4.95869
34.4697 7.6263
34.8464 7.55892
35.2494 7.36691
34.5467 5.36186
35.2007 2.87932
35.6711 7.09821
34.838 5.76818
34.8179 3.20101
35.7742 6.60896
36.09 6.82519
35.1251 6.17757
34.4317 3.51857
35.4951 6.1941
36.1881 6.33492
35.4078 6.58995
34.0421 3.83193
35.2118 5.78215
35.9049 5.92287
36.2792 5.84329
36.506 6.54793
34.9241 5.37319
35.6175 5.51375
35.9901 5.43536
36.5993 6.05669
34.6321 4.9673
35.3258 5.10763
35.6968 5.03041
36.6855 5.56418
34.3358 4.56457
35.0299 4.7046
35.3993 4.62853
36.3924 5.15909
34.4057 4.06948
34.7297 4.30472
35.0977 4.22979
36.0952 4.757
34.8005 3.76273
36.7647 5.07049
35.161 3.73382
35.7939 4.35798
36.9193 6.26649
36.4658 4.66961
35.217 3.23697
35.4885 3.96211
37.0076 5.77435
36.163 4.27179
35.6032 2.91937
35.5472 3.46558
37.089 5.28101
35.856 3.8771
35.6464 2.42125
35.9352 3.15022
37.1634 4.78658
35.986 2.59774
35.6823 1.92254
36.3199 2.83086
36.8608 4.38857
36.0241 2.0992
35.7108 1.42335
36.361 2.33256
36.5542 3.99363
36.0549 1.60015
35.7319 0.923791
36.3949 1.83371
36.2435 3.60182
36.0784 1.1007
35.7456 0.423978
36.4215 1.33442
36.7014 2.50757
36.0945 0.600956
35.7519 -0.0759799
36.4409 0.83479
36.7374 2.00887
36.1033 0.101037
35.7508 -0.57598
36.453 0.334935
36.7663 1.50971
36.1048 -0.39896
35.7422 -1.07591
36.4579 -0.165042
36.7879 1.01018
36.0989 -0.898925
35.7263 -1.57565
36.4555 -0.665035
36.8025 0.510388
36.0858 -1.39875
35.3566 -1.91232
36.4458 -1.16494
36.8098 0.0104454
36.0653 -1.89833
35.328 -2.4115
36.4289 -1.66465
36.8099 -0.489555
35.6926 -2.23167
35.2919 -2.9102
36.4048 -2.16407
36.8029 -0.989505
35.6595 -2.73058
36.0374 -2.39756
36.3734 -2.66309
36.7887 -1.4893
37.0795 2.18042
36.0023 -2.89632
36.6986 -3.04289
36.7673 -1.98885
37.1105 1.68138
37.4543 1.84948
37.1967 -3.08657
36.7388 -2.48803
37.1344 1.18195
37.4803 1.35016
37.5798 -2.76526
37.8258 1.51483
37.1512 0.682237
37.4993 0.850523
37.6185 -2.26676
37.8469 1.01527
37.1609 0.182329
37.5113 0.350664
37.2881 -1.89147
37.861 0.515475
37.1635 -0.317664
37.5163 -0.14931
37.3149 -1.39219
37.8682 0.0155241
37.159 -0.817641
37.5141 -0.649306
37.6821 -1.05284
37.8685 -0.484476
37.6502 -1.76778
38.1939 1.17652
38.0251 -1.41667
38.2172 -0.842772
37.9859 -2.1384
38.2102 0.676787
38.3644 -1.78384
38.5624 -1.20446
37.9562 -2.63752
38.2195 0.176875
38.3399 -2.28324
38.9042 -1.56946
38.2829 -3.01599
38.222 -0.323117
38.6706 -2.65827
38.8829 -2.06901
38.7812 -3.05741
38.5724 -0.679811
39.1693 -2.69442
39.2424 -1.93772
39.2795 -3.09883
38.9193 -1.03987
39.5475 -2.36736
39.2683 -1.43839
39.6611 -2.77578
39.4191 -1.05395
38.5588 0.834644
39.608 -1.80532
37.0813 -2.72651
39.0756 -0.690583
38.5702 0.334777
38.9203 0.489254
39.4332 -0.554149
38.7287 -0.330507
38.927 -0.0155237
39.2785 0.140418
37.2309 4.29115
37.3298 5.98094
39.2766 0.640414
36.9226 3.89745
37.2913 3.79482
37.4132 5.48796
38.9171 0.987843
36.6105 3.50686
36.9776 3.40549
37.4898 4.99385
38.5542 1.33181
36.6609 3.00941
37.026 2.90785
37.5595 4.49873
38.188 1.67226
37.3448 3.29769
37.4076 2.58476
37.6222 4.00269
37.8185 2.00911
37.7296 2.97851
37.9063 2.62116
37.6781 3.50581
38.3177 2.03712
38.2279 3.02004
38.405 2.65757
39.2681 1.14034
38.6905 1.70392
38.1864 3.51831
38.7833 2.33069
39.2528 1.64011
38.7318 3.03592
38.138 4.01597
39.1585 2.0002
39.6215 1.30244
38.6907 3.53422
38.0828 4.51291
39.1317 2.49948
39.6388 0.802746
38.6427 4.03192
38.0207 5.00904
39.0981 2.99835
39.0551 3.4174
38.588 4.52892
37.9518 5.50428
39.422 3.37924
39.0092 3.91528
38.5266 5.02514
37.8762 5.99852
39.377 3.87721
38.9566 4.41251
38.4585 5.52047
37.7937 6.49167
39.3255 4.37454
38.8973 4.90898
38.3836 6.01484
37.3827 6.77646
39.2673 4.87114
38.8313 5.40461
38.3021 6.50814
36.8917 6.68241
39.2024 5.36693
38.7588 5.89931
38.2138 7.0003
36.4779 6.96315
39.1311 5.8618
38.6795 6.39299
37.7996 7.28032
36.0614 7.23971
39.0531 6.35568
38.5937 6.88557
37.3096 7.18068
35.642 7.51203
38.9686 6.84849
38.5012 7.37695
36.8197 7.08104
37.3827 7.55632
38.8775 7.34013
38.0846 7.65346
36.4028 7.35704
36.8937 7.4519
36.9631 7.82824
37.7229 6.9054
35.9831 7.62884
36.4741 7.72381
36.5408 8.09601
37.3017 6.40245
35.8736 8.1167
36.4267 8.58281
36.8044 8.52091
35.757 8.60293
36.3058 9.06796
36.6855 9.00657
37.0637 8.9484
35.6336 9.08745
36.178 9.55136
36.5598 9.49052
36.9401 9.43287
35.5032 9.57014
36.0434 10.0329
36.4274 9.97267
36.8098 9.91559
37.3189 9.3784
35.6044 10.2721
36.2883 10.4529
36.6728 10.3965
37.1905 9.86165
35.4582 10.7503
35.847 10.688
36.5292 10.8754
37.0556 10.3431
35.6866 11.195
36.1425 10.9312
36.379 11.3523
36.9141 10.8227
35.529 11.6695
35.99 11.4074
36.2222 11.8271
36.7661 11.3002
35.7467 12.1196
37.5698 9.81084
36.0589 12.2997
36.6115 11.7758
35.5777 12.5902
37.4369 10.2928
35.889 12.7699
36.4505 12.2491
37.8167 10.2457
37.2974 10.773
35.7127 13.2378
36.283 12.7202
37.6791 10.7264
37.1515 11.2512
35.53 13.7032
36.109 13.189
37.5352 11.2052
36.999 11.7274
35.7235 14.1643
35.9287 13.6553
37.3848 11.6821
36.8402 12.2015
35.5299 14.6252
36.1247 14.1153
37.2281 12.1569
36.6749 12.6734
35.7126 15.0907
35.9336 14.5774
37.065 12.6295
36.5033 13.143
36.3163 14.5772
36.1189 15.0418
36.8955 13.0999
36.3253 13.6103
36.5034 15.0408
38.0593 10.6828
36.7198 13.568
36.5236 14.0693
37.9173 11.1622
38.2979 11.1223
36.9204 14.026
36.7176 14.5301
37.7689 11.6397
38.1514 11.6003
37.1167 14.4859
36.9073 14.9927
37.6142 12.1152
37.9986 12.0764
37.3087 14.9475
38.5324 11.5639
37.4532 12.5885
37.8396 12.5504
37.7692 15.1425
38.3815 12.0406
37.2859 13.0597
37.6744 13.0223
38.2326 14.9547
38.2244 12.5152
37.1123 13.5286
37.5029 13.492
38.4234 14.4925
38.0611 12.9878
37.3151 13.9857
37.7078 13.9481
38.2256 14.0333
37.8917 13.4583
37.5137 14.4445
37.9085 14.4061
38.4062 13.5671
38.6082 14.028
38.6943 14.7628
38.7627 12.0076
38.5808 13.0986
38.7871 13.5611
38.8809 14.2989
38.6075 12.4829
39.0328 12.8849
39.2411 13.3516
39.0617 13.8327
39.0562 12.2624
39.4829 12.6672
38.918 11.5324
39.5165 13.6251
39.2133 11.7877
39.643 12.1935
38.6859 11.0895
39.0671 11.0551
39.3643 11.3111
39.1543 14.5668
38.4498 10.6487
38.8293 10.6152
39.5092 10.8325
39.3368 14.1013
38.2096 10.2102
38.5875 10.1776
39.2676 10.3947
39.6125 14.3666
37.9652 9.77398
38.3416 9.74223
39.022 9.9592
37.7168 9.34009
38.0917 9.30919
38.7724 9.52594
37.4642 8.90859
37.8376 8.87854
38.5189 9.09502
37.2074 8.47955
29.6994 -2.10956
37.3245 7.99345
32.7203 6.85886
32.086 13.2906
32.2323 6.74991
32.2666 13.7569
31.7443 6.64096
32.0597 14.2121
31.2563 6.53201
31.846 14.6641
30.7683 6.42306
31.3727 14.8255
30.2803 6.31411
31.6255 15.1129
29.8582 6.58212
32.4421 14.2251
29.3716 6.46715
32.2305 14.6781
28.885 6.35218
32.0121 15.1278
28.3984 6.23721
32.6128 14.6951
27.9118 6.12224
32.3964 15.1458
32.7785 15.1668
29.4329 6.84491
32.2982 7.12688
28.9477 6.72386
31.8115 7.01239
28.4626 6.60281
31.3247 6.89791
27.9775 6.48177
30.838 6.78342
27.5489 6.73921
30.3513 6.66893
27.1168 6.9909
29.9262 6.93214
26.6351 6.85683
29.8057 7.41741
