35 17
34.5016 16.9601
34.0032 16.9203
33.5048 16.8804
33.0064 16.8405
32.508 16.8006
32.0096 16.7608
31.5111 16.7209
31.0127 16.681
30.5143 16.6411
30.0159 16.6013
29.5175 16.5614
29.0191 16.5215
28.5207 16.4817
28.1401 16.8059
27.6425 16.7564
27.145 16.7068
26.7582 17.0236
26.3648 17.3322
25.8698 17.2617
25.3748 17.1911
24.8798 17.1206
24.4799 17.4207
23.9867 17.3383
24.0729 17.7111
23.4936 17.2558
23.5819 17.6166
23.0865 17.5463
23.1678 17.8968
22.5958 17.4508
22.672 17.8258
23.0604 18.3852
22.105 17.3553
22.184 17.717
22.6295 18.6387
21.6142 17.2598
21.696 17.6081
22.149 18.5003
22.1918 18.8806
21.1996 17.5393
21.6685 18.3619
21.7154 18.7289
21.7477 19.1102
20.712 17.4287
21.1881 18.2234
21.2389 18.5773
21.2758 18.9451
21.2972 19.3272
20.2243 17.3182
20.7076 18.085
20.7948 18.8069
20.8253 19.1621
19.8014 17.5848
20.2272 17.9466
20.3233 18.6406
20.3438 19.0228
19.3179 17.4573
19.3693 17.8365
19.7896 18.1884
19.8723 18.8565
19.8861 19.2241
18.8344 17.3298
18.8908 17.6916
18.9285 18.0724
19.3439 18.4151
19.4143 19.0572
18.4024 17.5815
18.4792 18.2917
18.8905 18.6258
18.9497 19.2419
17.9245 17.4347
17.9606 17.8156
18.0216 18.4934
18.4296 18.8197
17.4465 17.2878
17.4892 17.6489
17.5094 18.0311
17.5563 18.6763
17.9616 18.9958
17.0047 17.5219
17.0492 18.2266
17.0837 18.8396
17.487 19.1532
16.5343 17.3526
16.5523 17.7348
16.5806 18.4009
16.6044 18.9819
17.0064 19.2909
16.0819 17.5655
16.0898 17.9249
16.1042 18.5527
16.1191 19.1022
15.6212 17.3711
15.6187 17.7538
15.672 18.3012
15.6208 18.6804
15.6285 19.199
15.158 17.5595
15.1456 17.9157
15.1886 18.4289
15.1313 18.7825
15.1337 19.2709
14.7101 17.3372
14.6841 17.719
14.7715 18.1532
14.6987 18.5289
14.7494 18.9512
14.6358 19.3166
14.2362 17.4968
14.3543 17.8776
14.2989 18.2287
14.2037 18.5993
14.2515 18.9968
14.1361 19.3344
13.8055 17.2429
13.8645 17.9776
13.7521 17.6218
13.7052 18.6379
13.7517 19.0123
13.3214 17.368
13.3686 18.0419
13.2052 18.6425
13.252 18.9955
12.8283 17.4506
12.8693 18.0673
12.7062 18.6106
12.8642 19.3111
12.3295 17.4863
12.3695 18.0506
12.2113 18.5398
12.374 19.2123
11.8298 17.47
11.8734 17.9883
11.7241 18.4272
11.8925 19.0779
11.5322 17.0683
11.3353 17.3964
11.3861 17.8765
11.2494 18.2703
11.4229 18.906
11.0376 16.9946
10.8985 17.6398
10.9356 18.0936
10.7823 18.4487
10.9531 19.0771
10.5941 17.2254
10.4251 17.8009
10.4571 18.2383
10.2947 18.5593
10.4663 19.191
10.111 17.3543
9.93081 17.8759
9.96196 18.3082
9.97154 18.9409
9.61153 17.3779
9.43096 17.8639
9.46199 18.3025
9.47155 18.9373
9.61544 19.2919
9.11807 17.2973
8.94054 17.7664
8.9685 18.2221
9.16817 18.5398
9.11743 19.2472
8.66129 17.5006
8.48393 17.9702
8.52398 18.451
8.97599 18.8707
8.62789 19.1455
8.22048 17.2646
8.03859 17.7428
8.00829 18.1243
8.05988 18.637
8.15322 18.9884
7.54535 17.8248
7.52011 18.2324
7.58153 18.7826
7.68383 19.1607
7.16794 17.4968
7.04658 17.8597
7.02439 18.2977
7.09321 18.89
7.20295 19.2976
6.66892 17.4654
6.54664 17.8517
6.52505 18.3233
6.59836 18.9616
6.37147 17.0635
6.17441 17.3916
6.0489 17.8042
6.02517 18.3122
6.21902 18.6359
6.1243 16.6289
5.90936 16.9676
5.6872 17.2792
5.55596 17.7205
5.52723 18.2669
5.71911 18.6261
5.66138 16.4399
5.4375 16.8022
5.20942 17.1318
5.06982 17.6035
5.03319 18.1899
5.22082 18.5848
5.88557 15.993
5.25381 16.3372
5.00614 16.675
4.74267 16.9525
4.59209 17.456
4.54465 18.0835
4.72584 18.5141
5.76826 15.507
5.49823 15.901
4.84714 16.2009
4.56859 16.4838
4.28814 16.7442
4.12398 17.2803
4.06289 17.9497
4.23557 18.4159
5.70879 15.0105
5.40011 15.4107
5.11122 15.7764
4.43682 16.0015
4.14212 16.266
3.84675 16.5093
3.66647 17.0786
3.84042 17.5019
3.75117 18.292
5.70756 14.5105
5.35564 14.9127
5.0328 15.2825
4.72215 15.5909
4.0365 15.7772
3.72764 16.0237
3.41915 16.2501
3.22029 16.8529
3.37981 17.3074
3.51812 17.8496
6.0989 14.1993
5.76421 14.0137
5.36503 14.4128
5.00441 14.7833
4.66652 15.094
4.3414 15.381
3.6471 15.5302
3.32584 15.7589
3.00583 15.9688
2.78604 16.6051
2.92959 17.0899
3.05218 17.6683
6.51632 13.924
6.18873 13.7496
5.05872 14.0176
4.6665 14.4148
4.30679 14.7467
5.8776 13.5268
3.97003 15.1485
3.26935 15.2621
2.93723 15.4735
2.67745 16.117
2.36414 16.3367
2.49032 16.8511
2.59537 17.465
6.95846 13.6906
6.63489 13.5238
5.47443 13.7398
4.35362 14.0248
3.9693 14.3778
6.32952 13.3128
6.04587 13.0559
3.60887 14.8951
3.24989 14.7625
2.90378 14.9746
2.60205 15.6227
2.27792 15.8442
2.06242 16.5924
2.14825 17.2412
7.423 13.5056
7.10068 13.3421
5.60856 13.2581
4.76219 13.7366
4.43872 13.5321
4.02062 13.8804
6.79842 13.1392
6.51914 12.8946
6.26648 12.6072
3.61565 14.4216
3.26747 14.2628
2.90557 14.4746
2.56011 15.1245
2.22358 15.3472
1.96407 16.1022
1.71123 16.9983
7.90621 13.3771
7.34888 12.9081
5.79291 12.7933
5.18879 13.4758
4.87079 13.2805
4.56632 13.0487
4.11264 13.389
7.04967 12.7069
6.77791 12.4668
6.53627 12.1863
3.66077 13.9236
3.32189 13.7658
2.9425 13.976
2.55174 14.6246
2.20128 14.8477
1.89613 15.6068
1.59404 16.5122
8.21251 12.982
7.84544 12.8495
5.64403 12.316
5.33979 12.9991
5.02972 12.8064
4.73532 12.5781
3.86494 12.9546
7.3565 12.3122
7.08694 12.0737
6.85153 11.7982
3.74447 13.4307
3.41276 13.2741
3.01429 13.4812
2.57692 14.1252
2.21104 14.3478
1.8588 15.1082
1.50552 16.0201
8.7116 13.0122
8.5868 12.6504
8.19866 12.4956
5.90632 11.8903
6.1305 12.2005
5.2316 12.349
4.94428 12.1238
4.02308 12.4803
3.64135 12.5074
7.85648 12.3163
7.44129 11.721
7.20804 11.4476
7.71298 11.9616
3.16036 12.8425
2.74392 13.0606
2.63543 13.6286
2.25276 13.8495
1.85215 14.6082
1.4459 15.5237
9.20058 13.1166
9.072 12.7712
9.01527 12.3927
8.60457 12.2037
6.40172 11.8227
6.20877 11.4922
5.47456 11.912
5.19152 11.6892
4.48621 12.2919
3.82384 12.0419
8.24716 12.0043
7.83548 11.4134
7.60116 11.1386
8.11246 11.6609
3.31078 12.3656
2.92955 12.3989
2.49366 12.6277
2.35258 13.2163
1.95498 13.4479
1.87617 14.1088
1.41535 15.0246
9.66084 12.9212
9.53359 12.579
9.48302 12.2161
9.05196 11.9804
6.73267 11.4479
6.54834 11.1252
5.75638 11.499
5.47507 11.2774
4.70663 11.8431
4.29542 11.8758
4.03982 11.5909
8.67872 11.7518
8.26356 11.155
8.02587 10.8748
8.54774 11.4148
3.49399 11.9004
3.10217 11.9297
2.64433 12.151
2.26308 12.1841
2.08857 12.7917
1.6748 13.0338
1.56327 13.7188
1.41392 14.5246
10.1543 12.8407
10.0246 12.4844
9.97462 12.1248
9.529 11.8306
7.10067 11.1094
6.92169 10.7926
6.07458 11.1133
5.79273 10.8913
4.96274 11.4136
4.5356 11.4372
4.28807 11.1569
9.14187 11.5634
8.71925 10.9492
8.47689 10.6589
9.01116 11.2271
3.70904 11.449
3.3055 11.4729
2.82492 11.6847
2.43409 11.7142
1.84309 12.3561
1.41198 12.6084
1.26681 13.3162
1.08045 14.152
10.653 12.8764
10.5245 12.4893
10.4746 12.1204
10.0236 11.7571
2.05177 11.7309
7.32522 10.4974
6.42637 10.758
6.14207 10.5336
4.87978 10.9206
4.56718 10.7421
9.62697 11.4422
9.19598 10.7985
8.94869 10.4934
9.49482 11.1003
3.95482 11.0136
3.53856 11.0305
3.03464 11.2308
2.63326 11.2556
1.61578 11.9108
1.16624 12.173
0.986583 12.9021
1.12777 13.6543
0.761943 13.7666
11.0949 12.6423
10.9429 12.2155
10.8809 11.829
10.5236 11.7608
2.24196 11.2685
7.75509 10.242
6.80877 10.4358
6.52045 10.2067
5.37661 10.8644
4.87561 10.3485
10.1242 11.3901
9.68707 10.7045
9.43562 10.3798
9.99068 11.0361
4.23008 10.5962
3.80028 10.6045
3.2726 10.7911
2.85981 10.8099
1.78864 11.4416
1.40626 11.4568
0.937269 11.7285
0.722382 12.4776
0.831234 13.2517
11.5484 12.8529
11.5645 12.4706
11.3912 11.994
11.3162 11.583
10.929 11.4682
2.45868 10.8179
8.20728 10.0286
7.21854 10.1493
6.92508 9.91301
5.70996 10.4917
5.37502 10.3244
10.4898 11.0489
10.1858 10.6682
9.93193 10.3192
5.21166 9.97832
4.53343 10.1987
4.08947 10.1966
3.5378 10.3672
3.11288 10.3786
1.98745 10.9828
1.59685 10.9945
1.10704 11.2582
0.724766 11.2759
12.0419 12.773
12.0511 12.3559
11.8606 11.8217
11.7732 11.3801
11.3608 11.2162
2.70117 10.3806
8.65981 10.2413
8.67763 9.85903
7.65229 9.90061
7.35298 9.65436
6.07218 10.147
5.7305 9.97276
10.986 11.1104
10.6853 10.6896
10.4319 10.3119
5.57352 9.63328
4.86339 9.82306
4.40481 9.8086
3.45645 9.87386
3.01629 9.88805
2.21155 10.5359
1.81199 10.5432
1.30096 10.7973
0.911066 10.8119
12.5415 12.7513
12.5472 12.2932
12.3443 11.6952
12.2463 11.2182
11.8132 11.0031
2.5915 9.89281
9.14108 10.1058
9.16187 9.73448
7.82559 9.4316
7.51293 9.18063
6.46083 9.83246
6.1116 9.6491
11.4155 10.8546
11.09 10.396
10.8164 9.99229
5.95925 9.31513
5.21832 9.47089
4.74489 9.44207
3.9528 9.81357
3.7648 9.48026
3.31162 9.48459
2.93983 9.39393
2.08062 10.0533
1.67048 10.0636
1.13641 10.3252
0.737925 10.3428
13.0405 12.7818
13.047 12.278
12.7521 11.9844
12.6762 11.4735
12.2812 10.8272
2.50108 9.40106
9.63356 10.0193
9.65565 9.65588
8.28352 9.63234
8.29134 9.24973
7.9727 8.98413
7.69909 8.71658
6.87335 9.54992
6.51609 9.35517
11.8644 10.6342
11.5155 10.1334
11.2222 9.70023
6.36679 9.02546
5.59651 9.14383
5.1082 9.09855
4.27831 9.43404
4.09622 9.10588
3.62972 9.09883
3.25075 9.00236
1.96806 9.56615
1.54658 9.57923
0.988622 9.8475
2.8828 8.8972
13.5345 12.8591
13.5462 12.3062
13.2516 11.9616
13.1715 11.4056
12.7199 11.0671
2.4293 8.90624
10.1322 9.98265
10.1546 9.62373
8.75976 9.48004
8.77062 9.10731
8.44652 8.82446
8.1686 8.54465
7.90952 8.26301
7.00409 9.06732
12.3284 10.448
11.9929 10.282
11.9582 9.90093
11.6462 9.43517
6.794 8.76566
5.99614 8.84333
5.49315 8.77947
4.62696 9.07564
4.44948 8.75203
3.96951 8.73203
3.58288 8.62861
1.87334 9.07521
1.43981 9.09076
0.85719 9.36508
3.20827 8.51763
14.0201 12.9783
14.0416 12.3738
13.7513 11.9786
13.6706 11.3744
13.2118 10.9774
2.74281 8.51674
2.37557 8.40913
10.6544 9.6381
9.2476 9.37043
9.26009 9.0052
8.93141 8.70249
8.64962 8.40819
8.38705 8.11483
7.16032 8.59235
12.7735 10.6756
12.8041 10.2942
12.4561 10.0939
12.415 9.69762
12.0855 9.19643
6.94673 8.28956
6.4153 8.57074
5.89804 8.48611
4.99732 8.73974
4.82328 8.41996
4.32983 8.38537
3.93517 8.2738
1.79593 8.58123
1.3497 8.59895
1.11953 8.93943
3.55349 8.15594
14.4948 13.1353
14.5307 12.4777
14.2484 12.0321
14.0219 11.7301
14.1705 11.3775
13.7087 10.9217
3.07592 8.14386
2.70255 8.03087
11.0482 9.32999
9.7432 9.3042
9.75632 8.94395
9.42437 8.61884
9.13945 8.30784
8.87387 8.00079
7.3403 8.12587
13.262 10.5689
13.2888 10.1715
12.9305 9.93604
12.8832 9.52241
12.556 9.36552
7.12211 7.82133
6.55192 8.08977
6.00882 7.99854
5.38792 8.42761
5.21625 8.1108
4.70944 8.05996
4.30651 7.93897
1.73534 8.08492
1.2758 8.10444
1.0268 8.44811
3.91745 7.81311
14.9567 12.9437
14.9675 12.2345
14.6583 11.7458
12.5378 8.98327
14.548 11.0496
14.2082 10.898
3.42773 7.78857
3.04788 7.66928
11.4601 9.0466
2.33931 7.91045
10.2559 8.92385
9.92235 8.57392
9.63536 8.24407
9.36753 7.92136
7.54246 7.66856
13.7563 10.4938
13.7801 10.0783
13.4136 9.80712
13.3608 9.37423
13.0241 9.1896
7.31871 7.3616
6.71042 7.61555
6.14088 7.51629
5.62695 7.82562
5.10708 7.75683
4.69573 7.62512
1.69106 7.58688
1.21766 7.60783
0.949749 7.95408
4.29911 7.4901
15.4187 13.1348
15.4185 12.7521
15.1045 11.7536
15.4484 12.3714
13.0009 8.79491
14.5831 10.5508
14.2145 10.398
3.79728 7.45177
3.41068 7.32522
11.8877 8.78744
2.67892 7.54348
2.31996 7.41082
10.7555 8.94489
10.4223 8.56787
10.1346 8.21712
9.86554 7.87687
7.99005 7.89141
8.01653 7.50965
13.715 9.58253
7.76531 7.22097
13.8456 9.25203
13.5009 9.03921
7.53521 6.9109
6.88951 7.14873
6.29308 7.04002
5.74482 7.33972
5.20214 7.26595
4.77632 7.13166
2.02392 7.21379
1.53964 7.2253
1.17485 7.10967
0.887964 7.45791
4.36695 6.99472
15.8915 12.9721
15.8803 12.5605
14.8361 11.3317
15.6132 11.8993
12.5508 8.57722
14.9314 10.9096
14.5905 10.0509
14.1926 9.89851
3.84597 6.95415
8.24587 7.08292
8.0075 6.78354
14.2612 9.53007
13.9848 8.9134
7.77036 6.46965
7.08799 6.68981
6.46432 6.57026
5.88221 6.85896
5.3162 6.77913
4.87532 6.64156
2.37319 6.856
1.87796 6.85715
1.50811 6.73693
0.841038 6.96012
4.45263 6.50212
16.3643 12.8094
16.0714 12.0985
16.3422 12.369
15.3715 11.4617
15.7518 11.4189
12.0861 8.39266
14.9778 10.4118
14.9305 9.68431
3.912 6.45853
8.66754 7.35162
8.73404 6.97476
8.49342 6.66571
14.5685 9.13563
13.5665 8.63953
8.25411 6.34321
7.30473 6.23923
6.65361 6.10747
6.03812 6.38389
5.44837 6.29692
4.99194 6.15535
2.87293 6.87239
2.23197 6.50405
1.8568 6.37858
1.17089 6.58436
0.808573 6.46117
4.55542 6.0128
16.8136 13.0286
16.238 11.6271
16.8042 12.56
15.4722 10.9719
15.865 10.9319
11.6093 8.24213
15.3454 10.0729
15.4302 9.66553
15.2706 9.31773
3.9947 5.96542
9.07652 7.63925
9.13836 7.2689
8.98544 6.57676
14.5068 8.63944
13.1304 8.39498
8.74424 6.24436
7.78262 6.0922
7.12157 5.93137
6.85999 5.65205
6.21164 5.91497
5.59781 5.81978
5.12539 5.67349
3.37185 6.90512
2.73147 6.5264
2.22029 6.03525
1.51587 6.22243
1.14888 6.09486
4.67462 5.52721
17.2515 13.2699
16.3808 11.1479
17.2564 12.7735
15.5474 10.4776
15.954 10.4399
11.1835 8.50416
11.1229 8.1263
15.845 10.0932
15.9302 9.66998
14.904 8.97771
4.09343 5.47526
9.57263 7.57701
9.63528 7.21352
9.37874 6.8855
15.2518 8.81808
12.6785 8.18085
15.7702 9.29895
8.26782 5.97142
7.59814 5.78011
7.33396 5.49284
6.40189 5.45257
5.76374 5.34811
5.27496 5.19638
7.08256 5.20432
3.23001 6.56457
2.71905 6.07055
1.87538 5.87494
1.50351 5.74238
4.80955 5.04577
17.7379 13.1539
16.5008 10.6625
17.7344 12.6268
2.59792 5.70754
16.351 10.1359
15.6106 8.95115
10.6295 8.04568
16.4295 9.69659
14.8531 8.4803
4.20757 4.98846
10.0718 7.54827
10.1347 7.19013
9.87728 6.84733
0.790182 5.96151
12.2132 7.99804
16.2702 9.30197
8.08199 5.65406
7.81539 5.35784
6.60804 4.99705
6.22158 5.14716
5.94539 4.88227
5.43995 4.72439
7.56176 5.0616
3.61996 6.25161
3.21648 6.12113
2.24881 5.54245
1.87188 5.40429
4.95958 4.56881
18.1638 13.4158
16.7783 11.0784
17.5877 12.1488
3.09475 5.76379
2.98901 5.39601
16.8466 10.2016
16.1102 8.93237
16.9272 9.74436
18.2242 13.0379
4.33653 4.50538
10.5718 7.55309
7.32048 4.76456
1.1404 5.60466
0.785487 5.46153
11.7364 7.84735
16.7696 9.32584
6.82933 4.54869
6.4251 4.69046
6.14205 4.42258
5.6197 4.25782
16.5333 11.9069
3.69729 5.75762
16.804 12.1774
2.63552 5.2255
2.25341 5.08112
5.1241 4.09665
18.6547 13.3205
16.6493 11.5615
17.1324 11.9422
17.4118 11.6808
3.4952 5.4644
3.39285 5.1012
17.1336 10.611
16.6102 8.93411
17.2294 10.1427
18.4861 12.6119
4.47976 4.02633
11.0703 7.59136
18.7106 12.9218
1.50417 5.26163
1.14509 5.11414
0.794123 4.96161
17.2677 9.36969
6.68418 4.07022
17.4225 9.81232
5.97072 3.95284
5.43091 3.79483
3.7902 5.26633
17.2661 12.3685
3.03486 4.92463
2.64747 4.77336
4.91998 3.64021
19.0691 13.6002
19.1455 13.2253
17.0934 11.3318
17.59 11.2136
17.879 11.859
17.8682 11.4764
3.80872 4.82362
17.62 10.7269
17.1098 8.95556
17.72 10.239
18.3506 12.1306
4.0331 4.25103
18.7306 12.1758
18.9724 12.4959
1.88094 4.93293
1.51753 4.78054
1.16263 4.62367
17.7637 9.43266
0.815733 4.46208
17.9149 9.89958
6.44045 3.78152
5.8939 3.60604
19.1969 12.8058
3.44615 4.6403
3.05343 4.48149
5.37642 3.43609
19.4724 13.8957
19.5599 13.505
19.6363 13.13
18.0374 10.9904
18.3435 11.6738
18.3245 11.2721
18.0561 10.4823
17.6081 8.99593
18.1312 12.5799
3.55238 4.11351
4.17062 3.77031
18.9582 11.7306
19.2179 12.0603
2.27014 4.61904
1.90227 4.4612
1.54328 4.29947
18.2571 9.51395
1.19267 4.13356
18.4036 10.0053
0.849971 3.96325
6.10664 3.15356
19.4588 12.3799
19.6833 12.6898
3.15362 3.99163
5.57345 2.97655
19.9691 13.8378
20.0539 13.4277
20.1272 13.0348
18.4848 10.7672
2.56357 4.3813
18.7808 11.0677
18.1047 9.05444
3.67642 3.62914
4.32152 3.29363
19.1691 11.2773
19.4473 11.6161
8.44881 7.76092
1.96721 3.96543
1.60144 3.80287
18.7472 9.61277
1.24471 3.63628
18.659 10.4351
0.8965 3.46542
18.8881 10.1285
19.7051 11.9448
19.9451 12.2638
3.26713 3.50468
5.78308 2.52261
20.4657 13.7799
20.5479 13.3505
20.4069 12.6203
20.618 12.9395
2.65036 3.88889
19.2371 10.8634
18.5989 9.13039
3.81357 3.14831
4.77139 3.07541
4.48532 2.82122
19.6324 11.0892
19.9181 11.4474
2.37144 3.67116
2.04496 3.47152
1.67214 3.30789
19.2337 9.72841
1.309 3.14043
0.954993 2.96885
19.3681 10.2687
20.182 11.7946
20.4272 12.1312
3.39352 3.02092
20.8578 14.0902
20.9623 13.722
21.0419 13.2732
20.8943 12.5089
21.1089 12.8443
2.75019 3.39896
19.6935 10.659
19.0902 9.22307
3.96339 2.67129
5.2293 2.87463
4.9408 2.61497
20.0957 10.9011
20.3888 11.2788
2.46723 3.18043
2.13516 2.97972
1.755 2.8148
19.716 9.86015
1.38519 2.64627
1.02513 2.4738
4.66155 2.35331
20.659 11.6445
20.9093 11.9986
3.53237 2.54059
21.3561 14.0484
21.459 13.6641
21.5359 13.196
21.3818 12.3974
21.5997 12.749
2.86264 2.91177
19.8716 10.1918
19.5783 9.33183
4.12544 2.19828
5.42886 2.41618
5.1344 2.15398
20.2903 10.4405
20.6024 10.8268
20.8595 11.1102
2.57536 2.69226
2.23744 2.49029
1.84968 2.32385
20.1938 10.0073
1.47296 2.15403
1.10662 1.98048
4.84978 1.89009
21.1359 11.4943
21.3914 11.8659
3.68328 2.0639
21.8543 14.0067
21.9556 13.6062
22.0299 13.1187
21.8692 12.286
22.0906 12.6538
2.98733 2.42757
20.0626 9.45604
4.29932 1.72949
5.60198 1.97687
5.3398 1.69811
20.7474 10.238
21.0677 10.6436
21.3302 10.9416
2.69547 2.2069
2.35144 2.00346
1.95586 1.83525
20.6429 9.78742
1.572 1.66394
1.19914 1.48912
5.04958 1.43174
21.6128 11.3442
21.8735 11.7333
3.84584 1.59107
22.2362 14.3295
22.3477 13.9165
22.4339 13.4134
22.5239 13.0415
22.3566 12.1745
22.5814 12.5585
3.12388 1.94657
19.8213 9.01811
4.48462 1.26509
21.2045 10.0354
21.5329 10.4605
21.8009 10.773
2.8272 1.72456
2.47682 1.51944
2.07321 1.34922
20.4229 9.33839
1.68199 1.17619
1.30241 0.999898
4.8782 0.962032
22.0897 11.1941
22.3556 11.6007
4.01969 1.12227
22.7354 14.3021
22.8458 13.8728
22.9298 13.3501
23.0179 12.9642
22.844 12.0631
23.0723 12.4632
3.27191 1.46899
4.29831 0.801102
21.002 9.57827
21.7324 10.002
21.9982 10.2774
22.2716 10.6044
2.97019 1.24545
2.61326 1.03841
2.20141 0.865933
1.80265 0.690964
1.41616 0.513008
4.70682 0.492319
22.5667 11.0439
22.8376 11.468
3.82182 0.663088
23.2347 14.2747
23.3439 13.8291
23.4258 13.2868
23.5119 12.887
23.3314 11.9516
23.5631 12.368
3.43107 0.994996
4.11199 0.337114
20.781 9.12977
21.5364 9.54204
21.9191 9.53821
22.1977 9.81891
22.4853 10.1524
3.1241 0.769726
23.8213 13.5928
23.9218 13.2235
24.0059 12.8097
23.22 11.4642
23.8428 11.9536
24.0539 12.2727
4.30833 -0.122723
20.3014 8.98834
21.3226 9.09007
21.7108 9.08366
22.3848 9.35527
22.6869 9.6948
3.28863 0.297569
23.8719 14.0902
24.3172 13.5295
24.4098 13.1044
24.4999 12.7325
23.0908 10.9812
23.7354 11.4653
24.3337 11.8583
4.77628 -0.298845
4.51469 -0.578153
24.5448 12.1775
24.1121 11.5323
22.8767 9.23222
3.74348 0.0899381
3.46344 -0.170877
24.2478 14.4199
24.3683 14.0269
24.8065 13.4088
24.9038 13.0271
22.9441 10.5032
23.6107 10.981
24.6033 11.4373
24.9939 12.6552
4.34862 -1.04977
24.8245 11.7631
23.9928 11.0467
24.3711 11.1046
3.93269 -0.372878
3.64823 -0.635473
24.7474 14.3995
25.0356 12.0822
24.8599 13.906
25.3007 13.3312
23.162 10.0532
23.4691 10.5015
24.863 11.01
25.3978 12.9499
4.56468 -1.50068
25.0945 11.3422
23.8569 10.5656
24.2403 10.622
24.6198 10.6708
3.84272 -1.0961
4.18256 -1.52139
25.4501 12.362
25.2385 14.2326
25.3549 13.8283
25.6905 13.6444
23.3686 9.59784
23.6925 10.0542
25.1128 10.5769
25.795 13.2537
4.40825 -1.97558
25.3548 10.9154
24.0858 10.1211
24.4743 10.1802
24.8585 10.2315
3.37573 -0.917454
3.73165 -1.73745
25.8581 12.651
4.01649 -1.99301
25.7344 14.1539
26.0732 13.9662
23.9049 9.60151
25.3528 10.1382
26.1852 13.5662
4.25182 -2.45048
25.6056 10.4828
24.3042 9.67128
24.6981 9.73301
25.0871 9.78678
3.18515 -0.455197
2.91411 -0.725344
3.26341 -1.56209
26.2596 12.9489
3.56559 -2.20906
3.85043 -2.46462
3.52455 -1.28235
25.3154 11.6678
25.5265 11.987
4.47701 -2.8969
4.09539 -2.92538
4.57598 0.150795
3.0043 0.0109484
2.73701 -0.257757
2.45825 -0.519933
3.06912 -1.10138
2.80026 -1.3737
3.09725 -2.03396
3.39952 -2.68068
3.68437 -2.93624
25.5857 11.2472
25.9409 12.2667
4.32957 -3.37466
3.93895 -3.40028
25.8062 11.5726
2.83345 0.480853
2.56974 0.213434
2.29478 -0.0474105
2.00853 -0.301399
2.34255 -1.17244
2.63385 -1.84617
2.9311 -2.50581
3.23346 -3.1523
25.8466 10.8207
26.3491 12.5554
4.56315 -3.81675
4.16414 -3.84669
3.49254 -3.62547
26.0768 11.1521
3.78252 -3.87517
2.12298 0.437934
1.84973 0.180481
1.56534 -0.0699314
1.89065 -0.958469
2.17573 -1.64585
2.46747 -2.3186
2.76495 -2.97765
2.77868 -3.36009
4.42436 -4.2971
4.01625 -4.32432
3.04215 -3.84262
26.3383 10.726
3.3361 -4.10037
3.62609 -4.35007
26.0173 11.8917
1.12903 0.174271
1.4449 -0.73196
1.72323 -1.43316
2.00896 -2.11917
2.3011 -2.79098
2.31338 -3.17708
4.66587 -4.7349
4.2494 -4.76663
2.57311 -3.66942
2.58802 -4.05181
2.88582 -4.31772
3.85128 -4.79649
26.4317 12.1715
26.297 11.4773
1.00717 0.659195
1.00565 -0.493093
1.27667 -1.20824
1.55589 -1.90768
1.84223 -2.59241
1.85286 -2.98234
4.53541 -5.21758
4.10973 -5.24673
2.10852 -3.4846
2.12204 -3.87053
2.43187 -4.52731
3.70297 -5.27399
2.13034 -4.25312
0.699971 0.430998
0.89547 1.14656
26.5082 11.7965
0.83639 -0.971281
1.10857 -1.68428
1.38862 -2.38207
1.39742 -2.776
4.78447 -5.65114
4.35045 -5.68497
1.64868 -3.28829
1.66064 -3.6779
1.97444 -4.7292
3.93574 -5.7165
1.66751 -4.06394
1.66929 -4.44662
0.794188 1.63619
3.26046 -5.50676
3.55466 -5.75149
0.667322 -1.44913
0.940591 -2.1601
0.947357 -2.55819
5.04068 -6.0805
4.59836 -6.11918
1.19385 -3.08059
1.20408 -3.47406
1.51373 -4.92348
4.17573 -6.15514
1.20936 -3.86369
1.20969 -4.24973
0.703598 2.12792
2.78545 -5.35065
3.78744 -6.194
3.11215 -5.98426
3.40635 -6.22899
2.81419 -5.73225
4.92618 -6.56721
4.47446 -6.60359
0.744335 -2.86165
0.752634 -3.25912
1.05372 -4.72754
4.04301 -6.63721
0.756151 -3.6525
0.754869 -4.04204
