10 15
10.4117 15.2837
10.8263 15.5633
11.5145 15.4182
12.0911 15.1726
12.793 15.0424
13.5908 15.221
14.005 15.5012
14.5123 15.5426
15.011 15.5781
15.5097 15.6136
16.0966 15.3566
16.7159 15.2108
17.2232 15.2664
17.7209 15.3149
18.392 15.5534
19.1357 15.7268
19.5906 15.5194
20.0489 15.3193
20.4561 15.6094
21.0138 15.6824
21.472 15.4823
21.8798 15.7716
22.3777 15.8182
22.8361 15.6186
23.2986 15.4285
23.7008 15.7255
24.1634 15.5357
24.8696 15.4208
25.3664 15.4769
25.8633 15.5329
26.3601 15.589
26.8278 15.4121
27.3186 15.5074
27.7914 15.3446
27.9033 14.8573
28.2677 14.515
28.1832 14.0223
28.2299 13.6714
28.4037 13.006
28.9322 12.5011
28.696 12.0931
28.5834 11.7296
28.6907 11.2412
28.9127 10.7724
29.2885 10.3771
29.4763 9.91374
29.3736 9.51441
28.99 9.22056
29.097 8.55988
28.5909 8.33653
28.2777 7.94684
27.7927 7.78321
27.3725 7.67973
26.9012 7.51271
26.3716 7.89562
25.8895 7.76288
25.2513 8.14926
24.4656 7.89683
24.0415 8.12372
23.5476 8.04544
23.3605 7.58178
22.8666 7.50375
22.4437 6.92501
21.9777 7.10628
21.2546 6.91474
20.7569 6.86744
20.2162 7.34183
19.9487 7.76425
19.4489 7.75086
18.9489 7.74439
18.4489 7.74465
17.949 7.75151
17.5095 7.51312
17.4962 7.0133
17.244 6.58157
16.7296 6.60364
16.2187 6.62654
15.781 6.38479
15.2631 6.42809
14.7825 6.96698
14.2835 6.99844
13.7848 7.03532
13.2866 7.07751
12.8318 6.86969
12.8151 6.3071
12.5422 5.87653
12.0942 5.65461
11.5952 5.68645
11.3141 5.27292
10.866 5.05106
10.5889 4.63489
9.89135 4.90237
9.19463 4.78159
8.74273 4.56762
8.45835 4.15636
8.42193 3.65769
8.16146 3.20229
8.1371 2.70289
8.11985 2.20318
7.86107 1.77536
7.85489 1.2754
7.60552 0.842024
7.61017 0.342045
7.62158 -0.157825
7.15948 -0.244143
7.17495 -0.743903
6.69785 -1.28896
6.2779 -1.56033
5.85936 -1.86002
5.89098 -2.35902
5.765 -3.05925
6.00864 -3.72306
6.05706 -4.22071
6.62246 -4.6679
7.07877 -4.73492
7.64679 -5.16446
8.1506 -5.48836
8.47165 -5.87167
8.79814 -6.25036
9.13 -6.62435
9.46717 -6.99356
9.94588 -7.13791
10.4263 -7.27629
10.9085 -7.40864
11.3019 -7.80005
11.7818 -7.6597
12.2685 -7.77452
12.7566 -7.88306
13.2315 -7.72684
13.7217 -7.82532
14.2132 -7.9173
14.7059 -8.00272
15.1996 -8.0815
15.3689 -8.53382
15.831 -8.34292
16.3545 -8.42509
16.8515 -8.47956
17.5601 -8.37024
18.0586 -8.40952
18.7194 -8.6261
19.1414 -8.89423
19.6674 -8.9229
20.0977 -9.17745
20.5977 -9.17441
21.0255 -8.91556
21.6314 -9.16435
22.0767 -9.39185
22.5755 -9.35775
23.0738 -9.31624
23.5714 -9.26727
24.0682 -9.21079
24.5641 -9.14673
25.2665 -8.88807
25.7598 -8.80646
26.2517 -8.71706
26.7251 -8.87809
27.2137 -8.77185
28.0056 -9.00479
28.1974 -9.38521
28.8075 -9.72988
29.2946 -9.84272
29.7701 -9.68821
30.2652 -9.78283
30.7739 -9.98963
31.2591 -9.81238
31.7707 -9.88359
32.2835 -9.94503
32.781 -9.99519
33.3038 -10.0379
33.7203 -10.3145
33.9498 -10.7588
34.1832 -11.2009
34.6088 -11.4634
34.8528 -11.8998
34.5799 -12.3311
34.1433 -12.5749
33.8809 -13.0005
33.9197 -13.5063
33.4781 -13.7408
33.7218 -14.1822
33.7083 -14.682
33.3911 -15.1121
33.6257 -15.5613
33.1825 -15.7928
32.9089 -16.2113
32.6322 -16.6278
32.2006 -16.9105
31.7932 -16.6205
31.3897 -16.3254
30.9861 -16.0302
30.7571 -15.5757
30.5691 -15.1088
30.0738 -15.0405
29.5796 -14.9645
29.1109 -15.1386
28.787 -15.5194
28.4602 -15.8978
27.9867 -16.0586
27.4773 -15.9504
27.3958 -16.45
27.0561 -16.8169
26.5774 -16.9612
25.8223 -16.953
25.3391 -17.0813
24.8543 -17.2037
24.3749 -17.0615
24.0098 -16.6856
23.9415 -16.1391
23.5519 -15.8886
23.2251 -15.5102
22.755 -15.3399
22.2615 -15.4204
21.7671 -15.4947
21.5842 -15.9601
21.4259 -16.4352
20.9262 -16.232
20.607 -15.8252
20.3108 -15.4224
19.8554 -15.216
19.3571 -15.258
18.9073 -15.0399
18.4081 -15.0689
17.9086 -15.092
17.7078 -15.5512
17.4732 -15.9928
16.9802 -16.5075
16.4804 -16.5226
15.9587 -16.5198
15.4587 -16.5233
14.9587 -16.5212
14.4272 -16.4944
13.9172 -16.4744
13.4175 -16.4552
12.9974 -16.1841
12.5807 -15.9078
12.1674 -15.6263
11.7578 -15.3396
11.3825 -14.8394
11.1258 -14.5652
10.6296 -14.5034
10.1341 -14.4362
9.66944 -14.6207
9.46762 -15.0984
9.15637 -15.4897
8.69115 -15.673
8.88857 -16.1506
8.32763 -16.5777
7.85678 -16.7604
7.28839 -16.3893
6.79553 -16.3052
6.51363 -15.9753
5.87552 -15.6625
5.49863 -15.3264
4.9825 -15.1877
4.50434 -15.3339
4.0178 -15.2186
3.53746 -15.3575
3.05273 -15.2348
2.6976 -14.8829
2.21549 -14.7503
1.86765 -14.3911
1.38835 -14.2487
1.27661 -13.7614
1.1695 -13.273
1.06705 -12.7836
0.737217 -12.4078
0.877389 -11.9062
0.788255 -11.4142
0.961633 -10.9453
1.13767 -10.4773
0.822621 -10.089
1.00359 -9.62023
0.695335 -9.22655
0.623916 -8.72143
0.744995 -8.36203
0.688256 -7.86526
0.681351 -7.21895
0.888285 -6.76378
0.8459 -6.26558
1.06302 -5.81519
1.2829 -5.36612
1.25187 -4.86709
0.979979 -4.44747
0.78065 -3.87874
0.762428 -3.36875
1.00077 -2.92554
1.17659 -2.2366
1.42665 -1.79708
1.18238 -1.36081
1.19548 -0.860978
0.961898 -0.418892
0.987186 0.0804686
0.848692 0.776276
1.08193 1.4507
1.534 1.66432
1.8235 2.07199
2.25259 2.3402
2.7503 2.29241
2.85167 2.99423
3.39664 3.45459
3.85368 3.65733
4.27974 3.7642
4.57592 4.17109
5.13134 4.61307
5.91499 4.39658
6.37377 4.59539
7.06635 4.72073
7.52408 4.92194
7.81987 5.32506
35 17
34.5484 17.2147
34.0504 17.1698
33.6416 16.8819
33.6206 16.196
33.3826 15.73
33.1639 15.1866
32.4791 15.3467
32.1647 15.1274
31.7281 15.3488
31.2285 15.3308
30.478 15.3112
30.2124 15.7348
29.9378 16.1527
29.8716 16.8486
29.5738 17.2502
29.7343 17.9274
29.415 18.3122
29.3184 18.8028
28.9813 19.172
28.5067 19.3294
28.1311 18.9908
27.7575 18.6585
27.8584 18.1688
27.472 17.7582
27.1197 17.4618
26.6556 17.6476
26.3407 18.036
26.1976 18.4611
25.7197 18.6079
25.2395 18.7473
24.8732 18.4069
24.3989 17.906
23.9088 17.8071
23.4187 17.7081
23.2273 17.3467
22.735 17.2594
22.265 17.4299
21.7745 17.3327
21.3012 17.4938
20.8129 17.3861
20.3247 17.2783
19.848 17.4291
19.3625 17.3094
18.8822 17.4484
18.5581 17.6919
18.6667 18.18
18.2817 18.6631
18.075 19.1397
17.6089 18.912
17.4905 19.35
17.0581 19.0989
16.5584 19.0823
16.1048 19.2927
15.6085 19.2315
15.1406 18.9463
14.8134 19.37
14.1439 19.1028
13.7634 18.7784
13.5508 18.2827
13.0695 18.1473
12.7704 18.441
12.2712 18.469
11.8392 18.2171
11.355 17.9945
10.8574 17.9452
10.8283 17.4779
10.3383 17.3781
10.0274 17.6803
9.31703 17.4552
8.83532 17.3212
8.33618 17.3504
7.88194 17.5594
7.41327 17.7336
6.92692 17.6176
6.56122 17.7553
6.11546 17.5288
6.15577 17.0128
5.92385 16.5698
5.74416 16.1032
5.87751 15.6213
5.80299 15.1269
5.78788 14.6271
5.5878 14.292
5.2376 13.9351
5.1507 13.3933
4.81829 13.0198
4.4997 12.6131
4.7177 12.1631
4.70233 11.6633
4.40326 11.3033
3.97065 10.6766
4.01982 10.179
4.09695 9.68498
4.67958 9.26729
5.21955 9.11215
5.68043 9.30603
6.07878 9.00384
6.57801 8.97608
7.07799 8.97957
7.78468 8.96877
8.42237 8.66671
8.29589 8.21946
8.65491 7.87146
9.14624 7.77875
9.05756 7.3348
9.25285 6.87451
8.98543 6.6125
8.68524 6.21265
