13 -5
12.5385 -4.80769
12.3481 -4.34535
12.5269 -3.87842
12.6863 -3.40452
12.4458 -2.96619
12.5712 -2.48218
12.6761 -1.9933
12.3871 -1.58529
12.456 -1.09007
12.5034 -0.592317
12.5291 -0.0929792
12.5331 0.407005
12.1673 0.747869
11.6684 0.714459
11.7909 1.07701
11.404 1.3937
11.3376 1.88927
11.6219 2.30063
11.516 2.7893
11.3878 3.27259
10.9444 3.50356
10.4728 3.33742
10.4934 3.71954
10.0012 3.17127
10.0279 3.53714
9.52961 3.00512
9.56972 3.73735
9.05802 2.83897
9.11141 3.53748
8.58644 2.67282
8.6531 3.3376
8.37046 2.22188
8.75259 2.20124
8.51477 1.74316
8.88915 1.72025
8.62775 1.25609
8.99568 1.23173
8.709 0.762734
9.0718 0.737558
8.39197 0.376087
8.75189 0.3533
8.41738 -0.123267
8.77465 -0.146182
7.91745 -0.114959
8.41452 -0.493027
8.76525 -0.646094
7.41752 -0.106651
8.03828 -0.822344
8.3836 -0.969114
6.91758 -0.0983423
7.54166 -0.764319
7.98705 -1.27365
6.41765 -0.0900342
7.04504 -0.706294
7.49515 -1.18398
6.07002 0.269345
6.54842 -0.64827
7.00326 -1.09432
5.57073 0.24282
5.69821 0.603645
6.51136 -1.00465
5.07143 0.216295
5.30249 0.90926
7.57582 -1.55807
4.57214 0.18977
4.81329 0.805877
7.08929 -1.44279
7.15028 -1.82058
4.39427 1.07869
6.66375 -1.70531
6.71091 -2.05924
4.88347 1.18207
7.72815 -0.430149
6.54131 -2.5296
4.73787 1.6604
6.92358 -2.51176
6.71612 -2.99805
4.53489 2.11735
7.11106 -2.97528
6.48388 -3.44084
4.65652 2.60233
6.89219 -3.42483
6.59545 -3.92823
4.3666 3.00969
7.02018 -3.90817
6.68167 -4.42074
4.39455 3.50891
7.12422 -4.39723
6.37463 -4.81536
4.38626 4.00884
6.8326 -4.80338
7.20521 -4.89063
6.40203 -5.31461
4.70891 4.39081
6.88076 -5.30105
7.26403 -5.38715
6.40611 -5.81459
5.20715 4.43276
6.90665 -5.80038
7.30156 -5.88574
6.38791 -6.31426
5.56981 4.08855
6.91119 -6.30036
7.31861 -6.38545
6.34846 -6.8127
5.54206 3.58932
6.89526 -6.80011
7.31597 -6.88545
6.65721 -7.20598
5.9032 3.71592
5.70698 4.44581
7.29443 -7.38498
6.96597 -7.59927
6.39852 3.64769
6.0503 4.08231
7.67496 -7.06064
7.79284 -7.42472
6.88941 3.55268
6.54752 4.02961
7.68899 -6.56084
8.16175 -7.08721
7.37477 3.43257
7.04135 3.95134
7.68416 -6.06086
8.15913 -6.58721
8.51345 -6.73181
7.53076 3.84898
7.65973 -5.56146
8.13835 -6.08765
8.48605 -6.23256
8.8471 -6.35942
7.61498 -5.06347
8.09875 -5.58922
8.44056 -5.73464
8.79502 -5.86214
7.54913 -4.56782
8.03968 -5.09272
8.37635 -5.23877
8.72496 -5.36707
7.4614 -4.07558
7.96045 -4.59903
8.29282 -4.7458
8.63633 -4.87499
7.35099 -3.58792
7.86038 -4.10915
8.18933 -4.25663
8.52857 -4.38674
7.59692 -3.15259
7.73874 -3.62417
8.06523 -3.77228
8.40109 -3.90326
7.43037 -2.68114
7.81251 -2.70145
7.97557 -3.18382
8.30072 -3.33121
8.63433 -3.461
7.24011 -2.21876
7.61418 -2.24247
8.18318 -2.72896
8.50828 -2.87632
8.84078 -3.00561
7.99682 -2.23666
8.36075 -2.26155
8.68715 -2.40941
9.01975 -2.53874
8.14907 -1.76041
8.5076 -1.7836
8.83669 -1.9323
9.17065 -2.06205
9.16191 -5.97096
8.62317 -1.29714
8.95639 -1.44684
9.293 -1.57725
9.08531 -5.47687
9.03102 -1.0079
9.36749 -1.16224
9.70639 -1.29598
8.99088 -4.98586
9.09328 -0.511796
9.42585 -0.701129
9.76632 -0.860692
10.1081 -0.998336
8.87808 -4.49875
9.12484 -0.0127931
9.46731 -0.202851
9.81518 -0.363085
10.1626 -0.501312
8.74638 -4.01641
9.47895 0.340203
9.82923 0.142134
10.183 -0.0243813
10.535 -0.167602
8.97653 -3.57253
9.4589 0.839801
9.82118 0.642069
10.1843 0.475617
10.5375 0.328232
9.1809 -3.11621
9.40951 1.33736
9.78489 1.14075
10.1585 0.974947
10.5203 0.827935
9.35889 -2.64896
9.33098 1.83115
9.7205 1.63659
10.1055 1.47214
10.477 1.32605
9.50993 -2.17232
9.22364 2.31949
9.62827 2.12801
10.0257 1.96573
10.4077 1.82123
9.6336 -1.68785
10.4981 -0.685409
9.50855 2.61346
9.91932 2.45428
10.3126 2.31212
10.0484 -1.4087
10.8762 -0.35822
9.45712 -5.56742
10.1922 2.79738
10.4522 -1.11374
11.3759 -0.376343
9.35622 -5.07771
9.73205 -5.14979
10.8447 -0.803992
8.29235 -7.44692
9.23768 -4.59196
9.60712 -4.66565
11.343 -0.844691
8.64959 -7.09709
9.10101 -4.11101
9.46478 -4.18634
8.79232 -7.45216
8.98966 -6.73055
9.32727 -3.66513
9.68644 -3.73816
9.1379 -7.09081
9.3118 -6.34815
9.52869 -3.2075
9.88409 -3.27888
9.46637 -6.71383
9.61528 -5.95079
9.7047 -2.7395
10.0572 -2.80981
9.77704 -6.32206
9.89945 -5.53938
9.8548 -2.26256
10.2054 -2.33226
10.0693 -5.91635
10.1637 -5.1149
9.97858 -1.77813
10.3282 -1.84757
10.3425 -5.49758
10.0273 -4.63386
10.4074 -4.6783
10.3941 -1.49999
10.7437 -1.56945
10.596 -5.06666
9.87419 -4.15787
10.2482 -4.2043
10.799 -1.20661
11.1489 -1.27662
10.8295 -4.6245
10.0863 -3.7051
10.4551 -3.74913
10.63 -4.23061
11.4556 -1.67153
11.0423 -4.17207
10.2751 -3.24212
10.6394 -3.28434
10.8311 -3.77284
11.3767 -2.16526
11.2342 -3.71034
10.4401 -2.77012
10.8007 -2.81105
11.0103 -3.30603
10.9584 -2.43914
11.4046 -3.24027
10.5809 -2.29035
11.2745 -2.65472
11.645 -1.33902
11.0773 -1.9535
9.2922 -7.441
6.20677 4.43155
4.66697 4.88905
5.03156 4.77278
9.62614 -7.06887
6.70517 4.39146
4.59627 5.38402
5.5298 4.81472
9.94305 -6.68213
7.20099 4.32695
4.98961 5.27102
6.02956 4.82996
10.2423 -6.28159
7.61103 4.61307
5.3542 5.15474
6.52946 4.81984
10.5234 -5.86806
9.79147 -7.41399
5.85244 5.19669
7.02829 4.78564
10.7857 -5.44238
10.1138 -7.03177
6.35215 5.21381
7.41989 5.09652
11.0287 -5.00542
10.4192 -6.6359
6.85211 5.20726
7.47697 5.59325
11.252 -4.55804
10.7072 -6.22715
10.2897 -7.37165
7.15018 5.97167
11.4551 -4.10116
10.9772 -5.8063
10.6005 -6.97998
6.65023 5.97904
11.6377 -3.63569
11.2287 -5.37415
10.8945 -6.57557
6.30681 5.61563
6.28683 6.32246
11.4612 -4.93153
11.1712 -6.15914
5.80701 5.6015
5.90326 6.6432
6.80187 6.3304
11.4302 -5.73144
5.30847 5.56345
5.40884 6.56869
6.43327 6.66823
5.50097 6.94012
10.7864 -7.31446
4.91825 6.47217
6.04565 6.98406
5.01196 6.83587
11.0857 -6.91397
4.4327 6.35282
5.64035 7.27687
4.52809 6.70991
11.3684 -6.50156
11.2812 -7.24293
5.15215 7.16886
5.21877 7.5457
11.6341 -6.07796
11.5692 -6.83418
4.66901 7.04012
4.73764 7.40964
4.78235 7.7897
7.51348 6.09191
4.61873 8.26217
7.17195 6.45709
7.5302 6.59163
4.43673 8.72787
6.8105 6.80257
7.17499 6.94353
4.61992 9.1931
6.43031 7.12731
6.80137 7.2758
5.07842 9.39254
6.0326 7.43033
6.41043 7.58752
5.53705 9.19339
5.61862 7.71072
6.00333 7.87781
5.69763 8.71988
5.18968 7.96765
5.58126 8.14587
6.13782 8.48274
5.0413 8.44513
5.98542 8.97211
6.56549 8.22371
4.87499 8.91666
6.42248 8.72926
6.97958 7.94347
5.54354 9.57602
6.84721 8.46542
7.37905 7.64276
5.99527 9.36168
7.25861 8.18126
6.01452 9.74388
6.4364 9.1263
7.65573 7.87746
6.4591 9.51509
6.86596 8.87042
6.49067 9.89647
6.89279 9.26627
7.28302 8.59462
6.92789 9.65389
7.3147 8.99796
6.97135 10.0341
7.35397 9.39226
4.42049 9.65161
7.40102 9.7784
7.45598 10.1571
4.20534 10.103
4.80311 9.65833
7.52786 7.09163
3.72875 10.2542
5.26161 9.85777
4.60368 10.1168
3.29617 10.0034
5.72644 10.042
4.38926 10.5685
3.18431 9.51609
6.19689 10.2113
3.91314 10.7212
3.07245 9.02876
6.67235 10.3661
3.43064 10.8523
2.96059 8.54144
7.15222 10.5065
3.00836 10.5846
2.94273 10.9616
7.63597 10.6329
2.91515 10.0934
2.5951 10.3031
2.5329 10.6752
2.4504 11.0489
2.82194 9.60212
2.5186 9.80903
2.13268 10.3755
2.05384 10.7443
2.40868 9.32067
1.95465 11.1139
2.07842 9.87842
1.66746 10.427
2.33396 8.82629
1.57214 10.7919
2.02416 9.38137
1.63552 9.928
1.93154 8.52954
1.20036 10.4576
1.9699 8.88432
1.60358 9.42902
1.4345 8.58382
1.19078 9.95769
0.840101 10.1109
1.57164 8.93004
0.935137 8.6091
1.18121 9.45778
0.848007 9.61094
0.492182 9.75178
0.584257 8.25289
0.435151 8.60533
1.17163 8.95787
0.500089 9.25184
0.609413 7.75352
1.45649 11.1567
2.70543 8.91825
0.634569 7.25416
1.08877 10.8179
0.956904 11.1772
2.61151 8.42715
0.659725 6.75479
